
     Distribution of Population by PSUs,2002
     PSU_NO ZILA  THANA  UNION   RMO   TOT_HH   TOTAL POP
     -----  ----  -----  -----   ---   ------    ---------
      0001   06    02     47      1     193           926
      0002   06    03     54      1     165           898
      0003   06    07     33      1     177           921
      0004   06    07     88      1     175          1030
      0005   06    10     73      1     250          1285
      0006   06    32     94      1     182          1028
      0007    6    36     94      1     218          1266
      0008   06    51     69      3     298          1352
      0009   06    62     31      1     190           996
      0010   06    62     87      1     237          1389
      0011   06    69     71      1     217          1172
      0012   06    94     63      1     215          1014
      0013   09    18     21      1     195          1141
      0014   09    18     58      1     168           983
      0015   09    21     16      3     200          1125
      0016   09    21     66      1     212          1199
      0017   09    25     28      1     202          1155
      0018   09    25     85      1     226          1302
      0019   09    29     19      1     191          1108
      0020   09    54     16      1     222          1126
      0021   09    54     66      1     263          1281
      0022   09    91     38      1     215          1130
      0023   42    40     38      1     206           954
      0024   42    40     85      1     228          1185
      0025   42    43     47      1     190           977
      0026   42    73     13      1     243          1147
      0027   42    73     36      1     201           855
      0028   42    73     94      1     198          1035
      0029   42    84     40      1     197          1088
      0030   42    84     81      1     231          1125
      0031   79    14     47      1     199           863
      0032   79    47     47      1     219           966
      0033   79    58     43      1     204          1014
      0034   79    58     86      1     215           928
      0035   79    76     52      1     237          1162
      0036   79    80     25      1     229          1022
      0037   79    87     17      1     208           908
      0038   79    87     76      1     228          1166
      0039   04    09     39      1     201           855
      0040   04    09     71      1     204           962
      0041   04    19     47      1     225           892
      0042   04    28     08      1     247          1148
      0043   93    95     37      1     211           940
      0044   04    47     23      1     188           883
      0045   04    85     11      1     206           866
      0046   04    85     71      1     199           898
      0047   78    38     35      1     244          1345
      0048   78    38     71      1     256          1417
      0049   78    52     42      1     234          1252
      0050   78    57     11      1     272          1656
      0051   78    57     55      1     247          1233
      0052   78    66     23      1     228          1076
      0053   78    66     71      1     235          1082
     Distribution of Population by PSUs,2002
     PSU_NO ZILA  THANA  UNION   RMO   TOT_HH   TOTAL POP
     -----  ----  -----  -----   ---   ------    ---------
      0054   78    95     10      1     199          1034
      0055   78    95     40      1     258          1240
      0056   06    07     04      2     267          1371
      0057   06    32     09      2     248          1357
      0058   06    51     09      2     199          1013
      0059   06    51     17      2     231          1212
      0060   06    51     26      2     262          1075
      0061   09    18     02      2     217          1131
      0062   09    18     07      2     220          1159
      0063   09    25     03      2     238          1340
      0064   09    29     09      2     232          1282
      0065   42    40     02      2     237          1076
      0066   42    40     06      2     272          1436
      0067   42    40     09      2     233          1039
      0068   42    73     06      2     236          1170
      0069   79    58     03      2     208           932
      0070   79    80     02      2     235          1231
      0071   79    80     06      2     249          1070
      0072   79    80     09      2     224          1035
      0073   04    09     04      2     217          1015
      0074   04    28     02      2     264          1156
      0075   04    28     08      2     252          1153
      0076   04    85     02      2     238          1035
      0077   78    57     04      2     218          1119
      0078   78    66     07      2     213           887
      0079   78    95     04      2     234          1105
      0080   78    95     07      2     235          1005
      0081   03    04     31      3     216          1179
      0082   03    14     31      1     177           794
      0083   03    51     15      1     137           704
      0084   03    51     47      1     216           945
      0085   03    51     68      1     195           963
      0086   03    73     57      1     176           975
      0087   03    89     57      3     189           869
      0088   03    91     76      3     226          1080
      0089   15    04     38      1     199          1001
      0090   15    08     18      1     267          1636
      0091   15    08     63      1     231          1257
      0092   15    12     47      1     210          1125
      0093   15    18     66      1     230          1349
      0094   15    33     28      1     220          1183
      0095   15    33     76      1     243          1533
      0096   15    47     43      1     200          1182
      0097   15    53     35      1     219          1087
      0098   15    53     89      1     237          1220
      0099   15    61     67      1     227          1210
      0100   15    70     34      1     235          1367
      0101   15    74     18      1     228          1156
      0102   15    78     11      1     199           971
      0103   15    78     92      1     161           926
      0104   15    82     65      1     232          1454
      0105   22    16     16      1     193          1149
      0106   22    16     61      1     230          1687
     Distribution of Population by PSUs,2002
     PSU_NO ZILA  THANA  UNION   RMO   TOT_HH   TOTAL POP
     -----  ----  -----  -----   ---   ------    ---------
      0107   22    24     11      1     221          1288
      0108   22    24     71      1     234          1423
      0109   22    49     18      1     222          1366
      0110   22    49     83      1     214          1258
      0111   22    66     85      1     186          1317
      0112   22    94     15      1     204          1163
      0113   12    02     85      1     236          1215
      0114   12    04     81      1     201           996
      0115   12    13     50      1     228          1444
      0116   12    13     83      1     239          1378
      0117   12    33     38      1     229          1322
      0118   12    63     63      1     215          1150
      0119   12    85     40      1     212          1272
      0120   12    85     86      1     241          1305
      0121   12    90     58      1     223          1255
      0122   12    94     47      1     212          1227
      0123   13    22     22      1     209          1087
      0124   13    22     85      1     228          1218
      0125   13    45     35      1     275          1293
      0126   13    45     83      1     247          1214
      0127   13    49     18      1     218          1131
      0128   13    49     70      1     221          1181
      0129   13    58     55      1     233          1181
      0130   13    76     56      1     219          1330
      0131   13    79     21      1     182          1028
      0132   13    95     60      1     239          1289
      0133   19    09     25      1     239          1280
      0134   19    09     88      1     276          1425
      0135   19    15     88      1     267          1530
      0136   19    18     75      1     241          1250
      0137   19    27     63      1     250          1324
      0138   19    31     23      1     267          1588
      0139   19    31     85      1     236          1385
      0140   19    36     45      1     240          1204
      0141   19    36     84      1     270          1644
      0142   19    40     41      1     276          1738
      0143   19    40     95      1     248          1449
      0144   19    67     22      1     226          1219
      0145   19    67     65      1     229          1245
      0146   19    72     12      1     238          1304
      0147   19    72     38      1     248          1569
      0148   19    72     80      1     247          1238
      0149   19    75     95      1     224          1211
      0150   19    81     45      1     227          1326
      0151   19    81     91      1     215          1322
      0152   19    87     69      1     238          1401
      0153   46    43     79      1     185           845
      0154   46    49     47      1     155           665
      0155   46    65     31      3     181           818
      0156   46    67     63      3     181           848
      0157   46    70     47      1     220          1006
      0158   46    70     83      1     209          1163
      0159   46    77     76      3     169           714
     Distribution of Population by PSUs,2002
     PSU_NO ZILA  THANA  UNION   RMO   TOT_HH   TOTAL POP
     -----  ----  -----  -----   ---   ------    ---------
      0160   46    80     76      3     189           947
      0161   30    14     57      1     217          1083
      0162   30    25     38      1     195          1043
      0163   30    25     94      1     232          1285
      0164   30    29     30      1     211          1142
      0165   30    29     82      1     220          1118
      0166   30    51     47      1     228          1176
      0167   30    94     19      1     205          1162
      0168   30    94     66      1     242          1253
      0169   51    43     15      1     223          1124
      0170   51    43     40      1     212          1067
      0171   51    43     75      1     224          1086
      0172   51    58     23      1     260          1337
      0173   51    58     83      1     214          1028
      0174   51    65     42      1     206          1079
      0175   51    73     31      1     212          1157
      0176   51    73     71      1     258          1464
      0177   75    07     13      1     218          1261
      0178   75    07     42      1     207          1239
      0179   75    07     70      1     232          1329
      0180   75    07     91      1     239          1250
      0181   75    10     76      1     220          1251
      0182   75    21     83      1     243          1444
      0183   75    36     47      3     205          1272
      0184   75    36     95      1     200           982
      0185   75    80     76      1     236          1301
      0186   75    87     31      1     225          1270
      0187   75    87     40      1     264          1503
      0188   75    87     80      1     247          1721
      0189   84    07     47      1     251          1400
      0190   84    21     79      1     222          1032
      0191   84    25     57      1     208          1051
      0192   84    36     19      3     210          1074
      0193   84    36     57      3     193           991
      0194   84    58     54      1     183           961
      0195   84    75     38      1     194           977
      0196   84    87     27      1     197           919
      0197   03    14     02      2     193           968
      0198   03    14     05      2     206           981
      0199   03    14     07      2     177           775
      0200   03    14     09      2     203           955
      0201   15    53     02      2     217          1111
      0202   15    61     09      2     205          1107
      0203   15    74     02      2     221          1213
      0204   15    78     06      2     209          1142
      0205   22    16     02      2     253          1259
      0206   22    16     07      2     255          1592
      0207   22    24     04      2     219          1158
      0208   22    24     09      2     218           839
      0209   12    02     02      2     209          1091
      0210   12    13     02      2     240          1294
      0211   12    13     07      2     227          1273
      0212   12    13     10      2     220          1178
     Distribution of Population by PSUs,2002
     PSU_NO ZILA  THANA  UNION   RMO   TOT_HH   TOTAL POP
     -----  ----  -----  -----   ---   ------    ---------
      0213   12    85     01      2     226          1358
      0214   13    22     02      2     185           905
      0215   13    22     11      2     206           883
      0216   13    49     06      2     239          1397
      0217   13    76     03      2     241          1054
      0218   13    79     04      2     225          1217
      0219   19    09     01      2     224          1290
      0220   19    27     05      2     261          1177
      0221   19    67     02      2     273          1465
      0222   19    67     08      2     312          1497
      0223   19    67     14      2     247          1244
      0224   19    72     02      2     230          1186
      0225   46    49     02      2     205           857
      0226   46    49     04      2     198           915
      0227   46    49     06      2     202           962
      0228   46    49     09      2     203           924
      0229   30    25     01      2     257          1225
      0230   30    29     02      2     181           899
      0231   30    29     08      2     200          1242
      0232   30    29     13      2     209          1169
      0233   51    43     02      2     278          1381
      0234   51    43     07      2     245          1288
      0235   51    58     02      2     199           961
      0236   51    65     03      2     210          1056
      0237   75    07     01      2     228          1189
      0238   75    07     08      2     230          1320
      0239   65    10     09      2     217          1132
      0240   75    87     01      2     285          1590
      0241   75    87     05      2     217          1040
      0242   84    87     01      2     206          1162
      0243   84    87     04      2     197           967
      0244   84    87     06      2     272          1179
      0245   84    87     08      2     189           857
      0246   15    06     02      2     163           692
      0247   15    10     18      2     244          1308
      0248   15    19     05      2     226          1048
      0249   15    20     39      2     222           885
      0250   15    28     27      2     172           870
      0251   15    35     25      2     208          1070
      0252   15    37     41      2     222          1383
      0253   15    39     18      2     215          1213
      0254   15    41     16      2     199          1066
      0255   15    41     34      2     218          1054
      0256   15    43     14      2     223          1178
      0257   15    57     07      2     208           915
      0258   15    65     41      2     256          1223
      0259   15    86     47      2     281          1555
      0260   26    14     23      1     209           947
      0261   26    14     41      1     228           919
      0262   26    14     65      1     215          1010
      0263   26    14     94      1     202           897
      0264   26    18     52      1     222          1036
      0265   26    62     20      1     187           897
     Distribution of Population by PSUs,2002
     PSU_NO ZILA  THANA  UNION   RMO   TOT_HH   TOTAL POP
     -----  ----  -----  -----   ---   ------    ---------
      0266   26    62     61      1     199           939
      0267   26    62     94      1     259          1079
      0268   33    32     28      1     196           869
      0269   33    32     66      3     379          1158
      0270   33    34     69      1     222          1124
      0271   33    36     08      1     198           931
      0272   33    36     51      1     183           806
      0273   33    36     94      1     195           826
      0274   33    86     38      1     213           842
      0275   33    86     76      1     269          1197
      0276   56    10     28      1     196           959
      0277   56    52     35      1     206           976
      0278   56    28     36      1     216          1038
      0279   56    46     23      1     241          1143
      0280   56    70     19      3     199           779
      0281   56    78     11      1     218           981
      0282   56    78     83      1     211           914
      0283   56    82     60      1     233          1126
      0284   59    24     42      1     222          1023
      0285   59    44     55      1     234          1239
      0286   59    56     28      1     171           879
      0287   59    56     85      1     185           987
      0288   59    74     47      1     209          1004
      0289   59    84     20      1     193           687
      0290   58    84     74      3     242          1023
      0291   59    94     55      1     199           902
      0292   67    02     23      1     232          1151
      0293   67    02     63      1     188          1114
      0294   67    02     94      1     250          1512
      0295   67    04     43      1     234          1008
      0296   67    04     86      1     225          1068
      0297   67    68     31      1     246          1210
      0298   67    68     55      1     202          1015
      0299   67    68     87      1     259          1014
      0300   68    07     20      3     189           913
      0301   68    52     40      1     211           892
      0302   68    52     94      1     205           962
      0303   68    60     53      3     197           867
      0304   68    60     95      1     165           743
      0305   68    64     08      3     192           998
      0306   68    64     50      1     219          1044
      0307   68    64     91      1     184          1055
      0308   68    76     63      1     200           883
      0309   29    03     42      1     234          1192
      0310   29    10     55      1     228          1124
      0311   29    18     30      1     232          1165
      0312   29    21     19      1     235          1136
      0313   29    47     39      1     267          1242
      0314   29    47     71      1     250          1179
      0315   29    56     52      1     226          1159
      0316   29    62     27      1     236          1069
      0317   29    62     78      1     241          1247
      0318   29    84     47      1     207          1063
     Distribution of Population by PSUs,2002
     PSU_NO ZILA  THANA  UNION   RMO   TOT_HH   TOTAL POP
     -----  ----  -----  -----   ---   ------    ---------
      0319   35    32     30      1     219          1187
      0320   35    32     73      1     218          1096
      0321   35    43     27      1     218           999
      0322   35    43     88      1     209           924
      0323   35    51     55      1     263          1605
      0324   35    58     16      1     224          1107
      0325   35    58     55      1     202          1125
      0326   35    91     28      1     210          1006
      0327   54    40     25      1     218          1170
      0328   54    40     82      1     196          1115
      0329   54    54     35      1     225          1284
      0330   54    54     77      1     215          1005
      0331   54    80     38      1     251          1330
      0332   54    80     95      1     230          1213
      0333   54    87     36      1     241          1270
      0334   54    87     79      1     240          1271
      0335   82    07     47      1     217          1058
      0336   82    07     95      1     205           970
      0337   82    73     16      1     235          1102
      0338   82    73     35      1     178           834
      0339   82    73     70      1     212          1130
      0340   82    73     95      1     234          1144
      0341   82    76     36      3     218          1071
      0342   82    76     80      1     219           979
      0343   86    14     25      1     215          1018
      0344   86    14     77      1     207          1014
      0345   86    25     71      1     221          1149
      0346   86    36     71      1     256          1356
      0347   86    65     50      1     210          1094
      0348   86    69     19      1     218          1205
      0349   86    69     95      1     229          1256
      0350   86    94     65      1     209           993
      0351   39    07     23      1     215           906
      0352   39    15     29      1     211          1016
      0353   39    29     23      1     199           984
      0354   39    36     07      1     208           898
      0355   39    36     47      1     185           923
      0356   39    36     77      1     225           945
      0357   39    58     35      1     163           770
      0358   39    61     19      1     215           787
      0359   39    61     85      1     207           796
      0360   39    85     52      1     193           833
      0361   89    37     17      1     218           843
      0362   89    67     19      1     276          1160
      0363   89    67     76      1     240          1067
      0364   89    70     69      1     236           925
      0365   89    88     13      1     245          1128
      0366   89    88     40      1     206           873
      0367   89    88     74      1     198           917
      0368   89    90     31      1     195           803
      0369   89    90     71      1     193           812
      0370   48    02     47      1     206          1193
      0371   48    06     77      1     218          1160
     Distribution of Population by PSUs,2002
     PSU_NO ZILA  THANA  UNION   RMO   TOT_HH   TOTAL POP
     -----  ----  -----  -----   ---   ------    ---------
      0372   48    11     83      1     241          1199
      0373   48    33     17      1     249          1245
      0374   48    42     34      1     266          1308
      0375   48    42     94      1     227          1131
      0376   48    45     66      1     253          1187
      0377   48    49     34      1     244          1240
      0378   48    54     11      1     222          1171
      0379   42    59     67      1     213          1104
      0380   48    79     28      1     216          1025
      0381   48    92     13      1     171           955
      0382   61    13     25      1     205           722
      0383   61    13     69      1     229           891
      0384   61    16     42      1     216          1123
      0385   61    20     23      1     212          1109
      0386   61    20     59      3     213          1009
      0387   61    22     18      1     240          1147
      0388   61    22     56      1     205           974
      0389   61    23     15      1     205           973
      0390   61    23     72      1     264          1369
      0391   61    24     47      1     217           887
      0392   61    31     11      1     201           993
      0393   61    31     67      1     229          1224
      0394   61    52     25      1     202           964
      0395   61    52     47      1     203           990
      0396   61    65     16      1     189           803
      0397   61    65     51      1     201           896
      0398   61    72     15      1     192           882
      0399   61    72     55      1     189           941
      0400   61    81     13      1     225          1143
      0401   61    81     45      1     208          1027
      0402   61    81     72      1     206           992
      0403   61    94     19      1     221          1036
      0404   61    94     61      1     205           970
      0405   72    04     47      1     251          1206
      0406   72    09     71      1     192           929
      0407   72    18     77      1     171           736
      0408   72    40     35      1     199          1096
      0409   72    47     13      1     200           945
      0410   72    47     81      1     199           921
      0411   76    56     84      1     235          1300
      0412   72    74     23      1     232          1159
      0413   72    74     94      1     218          1137
      0414   72    83     63      1     239          1171
      0415   93    09     47      1     256          1087
      0416   93    19     54      1     233          1396
      0417   93    23     41      1     237          1046
      0418   93    28     25      1     208           804
      0419   93    28     77      1     222           929
      0420   93    38     58      1     228           934
      0421   93    47     12      1     222           794
      0422   93    47     58      1     246           885
      0423   93    57     21      1     240          1023
      0424   93    57     47      1     240           920
     Distribution of Population by PSUs,2002
     PSU_NO ZILA  THANA  UNION   RMO   TOT_HH   TOTAL POP
     -----  ----  -----  -----   ---   ------    ---------
      0425   93    57     92      1     224           961
      0426   93    66     39      1     211          1008
      0427   93    76     07      1     230          1003
      0428   93    76     73      1     240          1059
      0429   93    85     40      1     197           884
      0430   93    95     37      1     240          1115
      0431   93    95     65      1     223          1040
      0432   26    18     01      2     247          1114
      0433   26    18     03      2     209          1009
      0434   26    18     05      2     226          1093
      0435   26    18     08      2     212          1035
      0436   56    46     01      2     224          1109
      0437   56    46     03      2     183           804
      0438   56    46     06      2     204           965
      0439   56    46     07      2     234           969
      0440   59    56     01      2     211           970
      0441   59    56     04      2     206          1150
      0442   59    56     01      2     177           881
      0443   59    56     06      2     241          1142
      0444   68    60     03      2     236          1085
      0445   68    60     01      2     163           725
      0446   68    60     04      2     218          1113
      0447   68    60     06      2     203           963
      0448   68    60     09      2     196          1012
      0449   68    63     01      2     221          1156
      0450   29    10     02      2     217          1005
      0451   29    18     05      2     211          1060
      0452   29    47     03      2     213           980
      0453   29    47     07      2     262          1153
      0454   35    32     01      2     171           854
      0455   35    32     05      2     234          1202
      0456   35    32     09      2     206          1005
      0457   35    58     06      2     250          1156
      0458   54    40     01      2     209          1070
      0459   54    40     08      2     214          1249
      0460   54    54     03      2     191           931
      0461   54    54     08      2     225          1185
      0462   82    29     01      2     211          1024
      0463   82    29     09      2     199          1065
      0464   82    73     09      2     220          1075
      0465   82    76     06      2     219           998
      0466   86    14     07      2     210           977
      0467   86    65     05      2     206          1083
      0468   86    69     03      2     222          1175
      0469   86    69     09      2     194          1001
      0470   39    15     01      2     233           985
      0471   39    29     07      2     198           843
      0472   39    36     06      2     228          1013
      0473   39    36     12      2     226           940
      0474   39    61     08      2     195           775
      0475   89    70     02      2     240           949
      0476   89    88     01      2     241          1071
      0477   89    88     04      2     269          1135
     Distribution of Population by PSUs,2002
     PSU_NO ZILA  THANA  UNION   RMO   TOT_HH   TOTAL POP
     -----  ----  -----  -----   ---   ------    ---------
      0478   89    88     07      2     199           939
      0479   48    06     02      2     238          1255
      0480   48    11     03      2     202           858
      0481   48    11     09      2     233          1232
      0482   48    49     03      2     224           999
      0483   48    49     09      2     224          1083
      0484   61    13     04      2     237          1058
      0485   61    23     05      2     235          1071
      0486   61    52     01      2     238          1208
      0487   61    52     04      2     253          1264
      0488   61    52     08      2     221          1323
      0489   61    52     12      2     216           946
      0490   61    52     17      2     254          1186
      0491   61    52     19      2     189           811
      0492   61    65     05      2     194           960
      0493   61    72     07      2     217          1070
      0494   72    18     03      2     161           737
      0495   72    47     06      2     194           954
      0496   72    74     01      2     227          1080
      0497   72    74     06      2     240          1290
      0498   93    19     02      2     266          1127
      0499   93    38     02      2     237           959
      0500   93    47     03      2     192           674
      0501   93    57     08      2     221           961
      0502   93    57     19      2     241          1048
      0503   93    95     04      2     222          1077
      0504   93    95     12      2     236          1100
      0505   26    04     17      2     150           588
      0506   26    08     15      2     195           809
      0507   26    12     84      2     217           903
      0508   26    16     52      2     194           796
      0509   26    28     58      2     208           980
      0510   26    34     51      2     258          1135
      0511   26    36     24      2     163           739
      0512   26    38     43      2     219          1006
      0513   26    38     94      2     195           943
      0514   26    42     60      2     163           769
      0515   26    48     09      2     208           886
      0516   26    48     13      2     252          1101
      0517   26    50     44      2     186           861
      0518   26    54     35      2     225          1021
      0519   26    64     05      2     199           817
      0520   26    66     56      2     187           899
      0521   26    68     80      2     180           770
      0522   26    72     39      2     221           937
      0523   26    76     83      2     197           818
      0524   26    76     95      2     191           856
      0525   26    90     37      2     186           806
      0526   26    95     38      2     159           780
      0527   33    30     04      2     257          1055
      0528   33    30     12      2     263          1154
      0529   33    30     16      2     198           737
      0530   33    30     19      2     239           933
     Distribution of Population by PSUs,2002
     PSU_NO ZILA  THANA  UNION   RMO   TOT_HH   TOTAL POP
     -----  ----  -----  -----   ---   ------    ---------
      0531   33    30     22      2     206           945
      0532   33    30     25      2     184           909
      0533   33    30     47      2     266           861
      0534   33    30     54      2     233           937
      0535   33    30     67      2     215           933
      0536   33    30     81      2     268          1217
      0537   67    06     02      2     224           972
      0538   67    06     15      2     235          1067
      0539   67    06     79      2     223          1012
      0540   67    58     04      2     190           846
      0541   67    58     07      2     223          1165
      0542   67    58     31      2     161           708
      0543   67    58     37      2     184           847
      0544   67    58     45      2     210           849
      0545   67    58     63      2     221           980
      0546   67    58     79      2     172           760
      0547   67    58     85      2     197           883
      0548   67    58     90      2     174           731
      0549   41    04     42      1     216          1041
      0550   41    09     38      1     194           879
      0551   41    11     43      1     233          1026
      0552   41    23     35      1     233           980
      0553   41    23     83      1     224           928
      0554   41    38     57      1     250           996
      0555   41    47     29      1     246          1080
      0556   41    47     65      1     237          1095
      0557   41    61     10      1     242          1098
      0558   41    61     50      1     244          1105
      0559   41    90     08      1     236           974
      0560   41    90     60      1     214           919
      0561   44    14     31      1     249          1017
      0562   44    19     15      1     225          1124
      0563   44    19     58      1     219           887
      0564   44    33     10      1     211           998
      0565   44    33     88      1     225           987
      0566   44    71     10      1     218           996
      0567   44    71     53      1     265          1136
      0568   44    80     18      1     230          1111
      0569   44    80     63      1     202           816
      0570   55    57     27      1     219          1095
      0571   55    57     67      1     259          1264
      0572   55    66     10      1     219          1030
      0573   55    66     42      1     217          1245
      0574   55    66     84      1     242          1130
      0575   55    85     71      1     249          1246
      0576   55    95     21      1     238          1105
      0577   55    95     73      1     210          1122
      0578   65    28     39      1     240          1263
      0579   65    28     87      1     229          1176
      0580   65    52     15      1     273          1448
      0581   65    52     47      1     227          1036
      0582   65    52     87      1     234          1148
      0583   65    76     20      1     213          1067
     Distribution of Population by PSUs,2002
     PSU_NO ZILA  THANA  UNION   RMO   TOT_HH   TOTAL POP
     -----  ----  -----  -----   ---   ------    ---------
      0584   65    76     54      1     253          1202
      0585   65    76     94      1     206          1008
      0586   01    08     34      1     213          1011
      0587   01    14     15      1     204           999
      0588   01    34     31      1     245          1022
      0589   01    38     76      1     223          1029
      0590   01    58     29      1     234           964
      0591   01    60     41      1     199           853
      0592   01    60     89      1     207           906
      0593   01    73     94      1     208           921
      0594   47    12     47      1     222           966
      0595   47    17     31      1     247          1014
      0596   47    30     20      1     206           949
      0597   47    30     74      1     204           983
      0598   47    53     22      1     230          1101
      0599   47    64     16      1     227          1137
      0600   47    64     67      1     209           999
      0601   47    94     27      1     199          1012
      0602   87    04     25      1     190           882
      0603   87    04     94      1     208           940
      0604   87    43     15      1     213           981
      0605   87    43     94      1     181           771
      0606   87    47     71      1     207           899
      0607   87    82     33      1     212           909
      0608   87    82     74      1     221           965
      0609   87    86     39      1     207          1093
      0610   87    90     07      1     238           951
      0611   87    90     63      1     215          1003
      0612   18    07     23      1     201           707
      0613   18    07     63      1     213           909
      0614   18    07     94      1     206           677
      0615   18    23     47      1     224           882
      0616   18    23     83      1     194           836
      0617   18    31     47      1     223          1037
      0618   18    31     83      1     208           947
      0619   18    55     57      1     229           958
      0620   50    15     40      1     193           857
      0621   50    39     20      1     241           950
      0622   50    39     54      1     262          1185
      0623   50    39     88      1     216           993
      0624   50    71     16      1     238          1082
      0625   50    71     69      1     219           973
      0626   50    79     18      1     187           734
      0627   50    79     50      1     174           942
      0628   50    94     13      1     177           829
      0629   50    94     65      1     180           664
      0630   57    47     21      1     202           671
      0631   57    47     52      1     242           833
      0632   57    47     73      1     208           806
      0633   57    47     94      1     209           760
      0634   57    60     47      1     193           790
      0635   57    87     19      1     217           877
      0636   57    87     38      1     240           996
     Distribution of Population by PSUs,2002
     PSU_NO ZILA  THANA  UNION   RMO   TOT_HH   TOTAL POP
     -----  ----  -----  -----   ---   ------    ---------
      0637   57    87     95      1     236          1054
      0638   41    04     01      2     205           807
      0639   41    04     05      2     232          1094
      0640   41    23     01      2     221           988
      0641   41    47     01      2     239          1187
      0642   41    47     03      2     191           759
      0643   41    47     05      2     217           944
      0644   41    47     07      2     225           966
      0645   41    47     09      2     252          1122
      0646   44    19     01      2     199           866
      0647   44    19     05      2     207           884
      0648   44    19     08      2     232          1001
      0649   44    33     06      2     211           891
      0650   44    42     06      2     239          1140
      0651   44    71     09      2     238           976
      0652   55    57     02      2     219          1075
      0653   55    57     05      2     237          1069
      0654   55    57     04      2     222           935
      0655   55    57     15      2     233          1133
      0656   65    28     02      2     192           762
      0657   65    76     01      2     223          1063
      0658   65    76     04      2     247           985
      0659   65    76     07      2     220          1015
      0660   01    08     01      2     199           745
      0661   01    08     06      2     210           935
      0662   01    58     01      2     168           761
      0663   01    58     05      2     173           768
      0664   01    58     09      2     131           543
      0665   87    43     02      2     239          1022
      0666   87    82     01      2     212           912
      0667   87    82     04      2     201           858
      0668   87    82     07      2     226          1075
      0669   18    07     02      2     214           761
      0670   18    23     01      2     198           849
      0671   18    23     05      2     181           778
      0672   18    23     09      2     205           797
      0673   18    31     09      2     234           991
      0674   50    15     03      2     186           931
      0675   50    71     07      2     198           907
      0676   50    79     04      2     191           769
      0677   50    79     08      2     235          1126
      0678   50    79     12      2     197           907
      0679   57    87     01      2     224          1104
      0680   57    87     04      2     257          1074
      0681   57    87     06      2     230          1064
      0682   57    87     08      2     214           986
      0683   47    21     04      2     200           990
      0684   47    40     57      2     206           982
      0685   47    45     07      2     200           894
      0686   47    45     12      2     199          1051
      0687   47    45     16      2     197           882
      0688   47    51     26      2     165           742
      0689   47    51     31      2     236           982
     Distribution of Population by PSUs,2002
     PSU_NO ZILA  THANA  UNION   RMO   TOT_HH   TOTAL POP
     -----  ----  -----  -----   ---   ------    ---------
      0690   47    51     36      2     230           997
      0691   47    75     27      2     243          1280
      0692   47    75     67      2     241          1253
      0693   47    85     19      2     207           941
      0694   47    85     24      2     259          1070
      0695   10    06     40      1     232           926
      0696   10    20     18      1     216           798
      0697   10    20     47      1     295          1235
      0698   10    20     77      1     209           843
      0699   10    27     38      1     228           925
      0700   10    27     95      1     223           809
      0701   10    40     06      1     236           933
      0702   10    40     61      1     199           799
      0703   10    54     28      1     219           845
      0704   10    67     10      1     191           689
      0705   10    81     19      1     246          1214
      0706   10    81     88      1     218           934
      0707   10    88     66      1     242           980
      0708   10    94     23      1     274          1108
      0709   10    94     63      1     205           909
      0710   10    95     31      1     278          1198
      0711   38    13     47      1     200           774
      0712   38    47     19      1     251           980
      0713   38    47     47      1     236           913
      0714   38    58     38      3     279          1017
      0715   38    58     95      1     203           719
      0716   38    61     47      1     272           963
      0717   38    74     31      1     230           853
      0718   38    74     73      1     241           937
      0719   27    16     47      1     279          1123
      0720   27    12     51      1     263          1225
      0721   27    17     19      1     203           906
      0722   27    17     85      1     208           826
      0723   27    30     07      1     233          1066
      0724   27    30     79      1     234          1138
      0725   27    43     19      1     215           782
      0726   27    56     15      1     262          1051
      0727   27    60     47      1     221          1013
      0728   27    64     25      1     202           837
      0729   27    69     08      1     245           968
      0730   27    69     86      1     256          1050
      0731   27    77     51      1     240          1160
      0732   77    04     40      1     199           945
      0733   77    25     14      1     242          1183
      0734   77    25     73      1     232          1046
      0735   77    34     19      1     249          1192
      0736   77    34     76      1     242          1126
      0737   77    73     35      1     252          1201
      0738   77    73     71      1     215          1099
      0739   77    90     67      1     204          1004
      0740   94    08     31      1     222          1101
      0741   94    51     27      1     240          1203
      0742   94    82     34      1     243          1098
     Distribution of Population by PSUs,2002
     PSU_NO ZILA  THANA  UNION   RMO   TOT_HH   TOTAL POP
     -----  ----  -----  -----   ---   ------    ---------
      0743   94    82     94      1     239          1122
      0744   94    86     71      1     225           991
      0745   94    94     21      1     228          1091
      0746   94    94     47      1     234          1033
      0747   94    94     79      1     222           950
      0748   76    05     47      1     217          1024
      0749   76    16     52      1     212          1063
      0750   76    22     11      1     229           988
      0751   76    22     86      1     205           861
      0752   76    39     31      1     264          1313
      0753   76    55     16      3     225          1061
      0754   76    55     43      1     216           951
      0755   76    72     15      1     244          1017
      0756   76    72     60      1     236          1088
      0757   76    83     38      1     227          1126
      0758   88    11     40      1     250          1263
      0759   88    11     81      1     280          1287
      0760   88    44     19      1     234          1010
      0761   88    50     17      1     224           897
      0762   88    50     94      1     188           888
      0763   88    61     57      1     208           893
      0764   88    67     21      1     205           944
      0765   88    67     65      1     283          1664
      0766   88    78     17      1     197           839
      0767   88    78     69      1     207           939
      0768   88    89     52      1     185           769
      0769   88    94     29      1     240          1277
      0770   88    94     58      1     182           882
      0771   64    03     31      1     208           764
      0772   64    06     21      1     252           968
      0773   64    28     10      1     237           960
      0774   64    47     06      1     189           696
      0775   64    47     54      1     219           878
      0776   64    47     94      1     191           766
      0777   64    50     66      1     232           922
      0778   64    60     29      1     237           974
      0779   64    69     10      1     211           809
      0780   64    69     73      1     212          1050
      0781   64    75     69      1     244          1066
      0782   64    85     10      1     234          1062
      0783   64    86     07      1     197           825
      0784   69    09     42      1     262           969
      0785   69    15     35      1     200           906
      0786   69    15     83      1     233           933
      0787   69    41     67      1     259          1061
      0788   69    44     38      1     212           943
      0789   69    44     95      1     198           786
      0790   69    63     36      1     214           982
      0791   69    63     73      1     283          1123
      0792   69    91     31      1     249          1047
      0793   69    91     71      1     231           934
      0794   70    18     56      1     212           899
      0795   70    37     52      3     213          1014
     Distribution of Population by PSUs,2002
     PSU_NO ZILA  THANA  UNION   RMO   TOT_HH   TOTAL POP
     -----  ----  -----  -----   ---   ------    ---------
      0796   70    56     38      1     235          1221
      0797   70    66     19      1     233          1186
      0798   70    66     67      1      95           502
      0799   70    88     11      1     206           916
      0800   70    88     41      1     216          1009
      0801   70    88     71      1     209           955
      0802   81    10     23      1     229           921
      0803   81    12     24      1     246           908
      0804   81    12     69      1     248           998
      0805   81    25     47      1     217          1003
      0806   81    31     23      1     234           932
      0807   81    34     19      1     213          1070
      0808   81    34     76      1     240          1200
      0809   81    53     67      1     204           807
      0810   81    82     40      1     236           901
      0811   81    94     27      1     226           881
      0812   32    21     47      1     193           840
      0813   32    24     36      1     221          1122
      0814   32    24     85      1     219          1010
      0815   32    30     27      1     226           919
      0816   32    30     61      1     196           756
      0817   32    67     09      1     217           911
      0818   32    67     76      1     205           844
      0819   32    82     43      1     237           880
      0820   32    88     19      1     238          1033
      0821   32    88     76      1     195           782
      0822   32    91     25      1     253           999
      0823   32    91     69      1     274          1092
      0824   49    06     19      1     208           873
      0825   49    08     19      1     231          1119
      0826   49    18     13      1     238          1135
      0827   49    52     19      1     222          1092
      0828   49    61     06      1     222          1221
      0829   49    61     65      3     187           923
      0830   49    77     21      1     187           848
      0831   49    79     11      1     231          1060
      0832   49    94     16      1     228           957
      0833   49    94     61      1     229          1017
      0834   52    02     41      1     231          1146
      0835   52    02     89      1     233          1103
      0836   52    33     47      1     219           967
      0837   52    39     23      1     215           936
      0838   52    39     65      1     221           980
      0839   52    55     36      1     217           961
      0840   52    55     83      1     248          1078
      0841   52    70     54      1     223          1117
      0842   73    12     19      1     234          1105
      0843   73    12     85      1     207          1025
      0844   73    15     76      1     228          1046
      0845   73    36     43      3     235          1067
      0846   73    36     87      1     232          1111
      0847   73    45     60      1     211           875
      0848   73    64     12      1     224          1043
     Distribution of Population by PSUs,2002
     PSU_NO ZILA  THANA  UNION   RMO   TOT_HH   TOTAL POP
     -----  ----  -----  -----   ---   ------    ---------
      0849   73    64     63      1     218          1050
      0850   73    85     27      1     225          1081
      0851   85    03     25      1     205           859
      0852   85    03     88      1     218           878
      0853   85    27     42      1     231          1044
      0854   85    42     27      1     227          1031
      0855   85    49     23      1     206           870
      0856   85    49     71      1     223          1073
      0857   85    58     11      1     223           864
      0858   85    58     44      1     228           946
      0859   85    58     72      1     212           835
      0860   85    73     19      1     202           809
      0861   85    73     66      1     222           971
      0862   85    76     18      1     213           893
      0863   85    76     56      1     243           915
      0864   85    92     15      1     250          1170
      0865   10    06     02      2     170           722
      0866   10    20     02      2     220           943
      0867   10    20     06      2     220           944
      0868   10    20     11      2     265          1047
      0869   10    81     01      2     219           949
      0870   38    13     02      2     275          1119
      0871   38    47     01      2     280          1050
      0872   38    47     05      2     244          1010
      0873   38    47     09      2     234           993
      0874   27    10     02      2     247          1074
      0875   27    38     01      2     194           891
      0876   27    64     01      2     224          1010
      0877   27    64     06      2     227           970
      0878   27    64     10      2     192           832
      0879   77    73     01      2     219          1011
      0880   77    73     03      2     183           893
      0881   77    73     05      2     214          1060
      0882   77    73     09      2     183           813
      0883   94    82     03      2     235           960
      0884   94    82     08      2     209           907
      0885   94    94     04      2     206           938
      0886   94    94     07      2     224           993
      0887   76    16     01      2     210          1078
      0888   76    19     02      2     251          1094
      0889   76    39     05      2     243          1146
      0890   76    55     02      2     210           918
      0891   76    55     10      2     234           975
      0892   76    72     02      2     257          1262
      0893   88    50     03      2     199           892
      0894   88    67     06      2     219          1031
      0895   88    78     04      2     233          1125
      0896   88    78     09      2     202          1014
      0897   88    78     15      2     214          1027
      0898   64    60     01      2     252          1038
      0899   64    60     03      2     198           824
      0900   64    60     06      2     228          1038
      0901   64    60     09      2     249          1038
     Distribution of Population by PSUs,2002
     PSU_NO ZILA  THANA  UNION   RMO   TOT_HH   TOTAL POP
     -----  ----  -----  -----   ---   ------    ---------
      0902   69    41     02      2     196           777
      0903   69    44     05      2     196           795
      0904   69    63     04      2     173           748
      0905   69    63     08      2     214          1036
      0906   70    37     02      2     254          1159
      0907   70    66     03      2     213           943
      0908   70    66     09      2     223           987
      0909   70    66     14      2     198           906
      0910   81    10     02      2     250          1042
      0911   81    12     01      2     224          1205
      0912   81    25     06      2     243          1191
      0913   81    34     08      2     244          1269
      0914   32    24     01      2     192           877
      0915   32    24     05      2     241          1150
      0916   32    24     08      2     209           967
      0917   32    30     05      2     223           883
      0918   49    52     01      2     196           918
      0919   49    52     04      2     197           917
      0920   49    52     07      2     208           974
      0921   49    94     01      2     256          1022
      0922   49    94     06      2     237          1058
      0923   52    55     01      2     225           984
      0924   52    55     04      2     202           937
      0925   52    55     07      2     207          1012
      0926   52    70     04      2     208          1004
      0927   73    15     03      2     204           935
      0928   73    64     06      2     212          1001
      0929   73    85     04      2     194           968
      0930   73    85     10      2     244          1266
      0931   85    03     02      2     231          1107
      0932   85    42     06      2     222          1040
      0933   85    49     03      2     218          1066
      0934   85    49     08      2     210          1035
      0935   85    49     12      2     216           988
      0936   81    22     17      2     160           728
      0937   81    22     25      2     234          1026
      0938   81    40     31      2     256          1151
      0939   81    72     07      2     230          1002
      0940   81    72     31      2     245          1055
      0941   81    72     47      2     248          1170
      0942   81    72     71      2     245           975
      0943   81    72     87      2     245          1019
      0944   81    85     06      2     200           863
      0945   81    90     20      2     156           702
      0946   36    02     67      1     199          1103
      0947   36    05     83      1     232          1355
      0948   36    11     63      1     173          1106
      0949   36    26     38      1     200          1035
      0950   36    26     95      1     260          1350
      0951   36    44     85      1     232          1228
      0952   36    71     17      1     189          1027
      0953   36    71     86      1     169           831
      0954   36    77     58      1     208          1189
     Distribution of Population by PSUs,2002
     PSU_NO ZILA  THANA  UNION   RMO   TOT_HH   TOTAL POP
     -----  ----  -----  -----   ---   ------    ---------
      0955   58    14     31      1     185          1282
      0956   58    56     17      1     213          1066
      0957   58    56     76      1     189          1103
      0958   58    65     35      1     192          1160
      0959   58    65     77      1     234          1295
      0960   58    74     36      1     206          1043
      0961   58    80     21      1     233          1206
      0962   58    83     15      1     177           829
      0963   58    83     57      1     179           919
      0964   90    18     34      1     266          1603
      0965   90    23     52      1     208          1169
      0966   90    29     19      1     214          1114
      0967   90    32     35      1     212          1184
      0968   90    33     32      1     236          1331
      0969   90    47     17      1     181          1112
      0970   90    50     27      1     258          1440
      0971   90    86     95      1     229          1243
      0972   90    89     72      1     216          1127
      0973   90    92     43      1     200          1143
      0974   91    08     33      1     207          1172
      0975   91    17     17      3     239          1465
      0976   91    20     31      1     181          1096
      0977   91    35     23      1     197          1358
      0978   91    38     43      3     262          1534
      0979   91    41     42      1     221          1418
      0980   91    53     63      3     172           896
      0981   91    59     85      1     224          1296
      0982   91    62     50      1     226          1460
      0983   91    94     19      1     186          1202
      0984   36    44     01      2     194          1214
      0985   36    44     06      2     219          1094
      0986   36    44     03      2     151           639
      0987   36    71     07      2     187          1033
      0988   58    56     04      2     200          1089
      0989   58    65     07      2     165           898
      0990   58    74     04      2     222          1151
      0991   58    83     02      2     209          1057
      0992   90    23     02      2     247          1351
      0993   90    29     02      2     224          1395
      0994   90    47     05      2     221          1401
      0995   90    89     04      2     203          1065
      0996   90    29     02      2     179           871
      0997   91    62     07      2     211          1071
      0998   91    62     11      2     194           994
      0999   91    62     17      2     166           665

                                   TOT POPULATION   1046994