GENERAL INFORMATION
DIVISION DISTRICT AREA POPULATION POPULATION HOUSEHOLDS HOUSEHOLD THANA UNION MAUZA ROOFING'
INSQ.KMS DENSITY SIZE BRICK /TIN (%)
CHITTAGONG
BANDARBAN 4479 230569 51 45682 5 7 31 141 10.5
BRAHMANBARIA 1927 2141745 1111 360265 5.9 7 101 1003 78.6
CHANDPUR 1704 2032449 1192 355791 5.7 7 96 1086 94.5
CHITTAGONG 5283 5296127 1002 919595 5.8 20 239 1111 55.6
COMlllA 3085 4032666 1307 684205 5.9 12 180 2759 85.3
COX'S BAZAR 2492 1419260 569 219937 6.5 7 60 208 30.5
FENI 928 1096745 1181 186818 5.9 5 49 549 81.4
HABIGANG 2637 1526609 579 267250 5.7 8 80 1366 49.9
KHAGRACHHARI 2700 342488 127 70891 4.8 8 37 145 15.7
LAKSHMIPUR 1456 1312337 901 239664 5.5 4 53 470 80.3
MOUlVIBAZAR 2799 1376566 491 242831 5.7 6 72 1002 44.4
NOAKHALI 3601 2217134 615 384407 5.8 6 92 967 62.1
RANGAMATI 6116 401388 66 75889 5.3 10 50 186 21.2
SUNAMGANJ 3670 1708563 465 282150 6.1 10 84 1818 48.9
SYlHET 3490 2153301 617 341745 6.3 11 101 1799 76.5
DIVISIONAL 46367 27287947 589 4677120 5.8 128 1325 14610 65.1
DHAKA
DHAKA 1464 5839642 3989 1041842 5.6 19 146 1741 92.9
FARIDPUR 2073 1505686 726 277509 5.4 8 82 1066 64.7
GAZIPUR 1741 1621562 931 318972 5.1 5 49 766 81 .6
GOPAlGANJ 1490 1060791 711 192193 5.5 5 72 651 89.1
JAMAlPUR 2032 1874440 922 379545 4.9 7 74 893 51 .6
KISHOREGANJ 2689 2306087 857 421227 5.5 13 117 999 62.1
MADARIPUR 1145 :°1069176 934 196800 5.4 4 61 553 85.3
MANIKGANJ 1379 1175909 852 224919 5.2 7 68 1357 93.2
MUNSHIGANJ 955 1188387 1244 205376 5.8 6 72 690 95.8
MYMENSINGH 4363 3957182 907 763500 5.2 12 159 2287 20.2
NARAYANGANJ 759 1754804 2309 314890 5.6 5 61 996 98.2
NARSINGDI 1141 1652123 1448 309202 5.3 6 73 682 92.4
NETROKONA 2810 1730935 616 327379 5.3 10 92 1684 33.3
RAJBARI 1119 835173 746 147299 5.7 4 48 839 76.5
SHARIATPUR 1181 953021 806 177185 5.4 6 64 607 68.1
SHERPUR 1364 1138629 835 234284 4.9 5 46 490 33.9
TANGAll 3414 3002428 879 570904 5.3 11 109 2090 73.2
44
DIVISIONAL 31119 32665975 1050 6103026 5.4 133 1393 18391 69.5
* Rural Note : Except for Roofin g all other informa tion are based Oil / 99/ Census.
DIVISION DISTRICT AREA POPULATION POPULATION HOUSEHOLDS HOUSEHOLD THANA UNION MAUZA . ROOANG'
INSQ.KMS DENSITY SIZE BRICK ITIN (%)
KHULNA
BAGERHAT 3959 1431332 361 275246 5.2 9 81 747 30.2
CHUADANGA 1158 807164 697 145741 5.5 4 38 421 52,1
JESSORE 2567 2106996 820 380314 5,5 8 94 1389 67.9
JHENAIDAH 1961 1361280 694 239464 5.7 6 82 1016 55.8
KHULNA 4395 2010643 457 374848 5.4 14 94 1101 41.9
KUSHTIA 1621 1502126 926 272676 5.5 6 72 755 71.6
MAGURA 1049 724027 690 124243 5.8 4 39 565 64.5
MEHERPUR 716 491917 687 ~2965 5.3 2 27 229 34.1
NARAIL 990 655720 662 117957 5.6 3 43 472 47.1
SATKHIRA 3858 1597178 414 290921 5.5 7 83 987 37,0
DIVISIONAL 22274 12688383 570 2314375 5.5 63 653 7682 51.1
BARISAL
BARGUNA 1832 775693 423 148151 5.2 5 41 268 44,2
BARISAL 2791 2207426 791 414612 5.3 10 102 1186 85.5
BHOLA 3403 1476328 434 266798 5.5 7 61 428 44.1
JHALKATHI 758 666139 879 126545 5.3 4 37 447 78.3
PATUAKHALI 3205 1273872 397 228463 5.6 6 66 587 31.6
PEROJPUR 1308 1063185 813 204418 5.2 6 54 417 50.7
DIVISIONAL 13297 7462643 561 1388987 5.4 38 361 3333 58.2
RAJSHAHI
BOGRA 2920 2669287 914 516407 5.2 11 117 1857 73.1
DINAJPUR 3438 2260131 657 430357 5.3 13 112 2149 46.8
GAIBANDHA 2179 1949274 894 372467 5.2 7 85 1120 42.4
JOYPURHAT 965 765011 792 151091 5.1 5 34 728 62,3
KURIGRAM 2296 1603034 698 299310 5.4 9 77 737 31.8
LALMONIRHAT 1242 953460 768 182367 5,2 5 45 424 28.2
NAOGAON 3436 2148053 625 400617 5.4 11 102 2593 66.5
NATORE 1896 1387761 732 253336 5,5 6 57 1317 70.4
NAWABGANJ 1702 1171469 688 196226 6 5 53 830 80.6
NILPHAMARI 1641 1348762 821 261057 5,2 6 71 422 30.4
PABNA 2371 1919896 809 326215 5.9 9 83 1351 75.7
PANCHAGARH 1405 712024 507 139586 5.1 5 46 490 19.4
RAJSHAHI 2407 1887015 784 359084 5.3 10 100 1843 77.2
RANGPUR 2308 2160346 936 424803 5.1 8 90 1237 45.8 45
SIRAJGANJ 2498 2263573 906 407798 5.6 9 90 1497 87.6
THAKURGAON 1809 1010948 559 193763 5,2 5 54 666 32.7
DIVISIONAL 34513 26210044 759 4918084 5.3 124 1216 19261 58.0
* Rural
NU TRITION (a/lfigures in percent]
Malnutrition VitaminAAdministration Vitamin,A Administration Exclusive Breastleeding
DIVISION DISTRICT MUAC<12.5 em BOY GIRL BOY
RURAL Boy Girl DOose l Oose 200se >2 Oose DOose 1Dose 2Dose >2Oose DMonth 1-4 Months 5+Months
CHITTAGONG
BANDARBAN 7.0 8.6 3.7 29.9 26.2 40.1 8.1 27.3 24.2 40.4 42.4 49.2 8.5
BRAHMANBARIA 9.1 21.9 25.1 38.0 23.5 13.4 25.8 36.5 24.7 12.9 97.2 2.8 0.0
CHANDPUR 17.0 26.4 13.7 26.4 39.6 20.3 13.6 27.3 38.3 20.8 95.4 3.0 1.6
CHITIAGONG 8.0 16.4 15.8 29.4 39.5 15.3 14.1 32.7 38.5 14.7 98.4 1.6 0.0
COMllLA 18.0 28.6 34.1 39.4 18.2 8.2 30.9 40.9 20.4 7.7 96.2 0.0 3.8
COX'S BAZAR 8.3 12.7 20.5 38.2 29.5 11.8 20.5 40.3 23.2 16.0 76.7 8.9 14.4
FENI 10.2 18.8 35.9 21.2 24.1 18.8 35.2 24.7 19.1 20.9 84.8 15.2 0.0
HABIGANJ 4.9 10.7 34.4 26.7 30.1 8.7 37.9 31.3 22.5 8.2 96.9 3.1 0.0
KHAGRACHHARI 15.1 13.8 19.8 38.3 28.7 13.2 24.3 41.4 27.6 6.6 84.2 7.9 7.9
LAKSHMIPUR 27.0 28.8 15.4 56.0 25.6 3.0 24.1 51.2 20.5 4.2 96.3 1.9 1.9
MOUlVIB~lAR 8.3 10.6 20.8 44.3 26.6 8.3 29.4 42.6 16.7 11.3 80.6 19.4 0.0
NOAKHALI 14.8 21.4 26.2 46.0 20.9 7.0 27.4 43.3 22.4 7.0 95.0 3.3 1.7
RANGAMATI 8.6 18.8 17.3 28.8 36.5 17.3 15.1 31.4 40.1 13.4 43.2 34.1 22.7
SUNAMGANJ 15.2 22.7 34.0 49.7 11.2 5.1 32.9 50.9 10.3 6.0 97.3 2.7 0.0
SYlHET 10.5 11.3 44.6 32.9 16.2 6.3 40.1 42.7 12.5 4.7 95.5 4.5 0.0
DIVISIONAL (Rural). 12.4 19.6 25.5 36.3 26.8 11.3 25.7 38.1 24.9 11.3 92.6 5.1 2.2
DHAKA
DHAKA 11.5 11.1 13.7 43.1 32.4 10.8 15.4 36.3 32.9 15.4 91.7 5.6 2.7
FARIDPUR 6.9 15.9 20.8 18.3 29.2 31.7 16.7 30.8 27.5 25.0 62.2 35.1 2.7
GAZIPUR 8.0 11.0 25.0 39.8 18.5 16.7 23.0 50.0 16.0 11.0 67.7 16.1 16.1
GOPAlGANJ 6.1 11.9 18.9 21 .2 47.0 12.9 15.8 27.8 42.9 13.5 70.7 26.8 2.5
JAMAlPUR 12.9 10.0 24.7 32.9 15.3 27.1 19.5 24.4 17.1 39.0 92.0 8.0 0.0
KISHOREGANJ 13.1 ·21.3 31.8 35.8 26.6 5.8 34.8 28.1 29.6 7.4 100.0 0.0 0.0
MADARIPUR 19.5 24.3 28.7 48.5 13.6 9.4 34.4 41.1 18.2 6.3 100.0 0.0 0.0
MANIKGANJ 1.3 7.3 25.7 27.5 22.9 23.9 19.3 29.4 22.4 28.6 91.7 8.3 0.0
MUNSHIGANJ 5.9 10.2 8.7 18.1 59.1 14.2 15.8 18.8 48.9 16.5 94.9 0.0 5.2
MYMENSINGH 9.5 9.0 9.3 27.9 47.1 15.7 24.8 24.1 44.1 6.9 100.0 0.0 0.0
NARSINGDI 3.5 9.2 25.6 53.6 18.4 2.4 26.8 43.9 24.4 4.9 100.0 0.0 0.0
NARAYANGANJ 3.9 2.9 9.8 8.4 48.3 33.6 11 .2 8.6 41.4 38.8 97.1 2.9 0.0
NETROKONA 9.0 10.1 27.9 40.0 28.4 3.7 36.0 40.1 20.3 3.6 98.3 0.0 1.7
RAJBARI 6.9 8.1 22.1 33.8 35.2 9.0 27.3 30.1 33.6 9.1 94.7 2.6 2.6
SHARIATPUR 12.6 8.2 10.8 24.7 47.0 17.3 16.2 23.2 47.0 13.6 89.3 5.4 5.3
46
SHERPUR 9.6 6.4 43.5 34.0 17.7 4.8 41.2 30.9 22.8 5.1 97.8 0.0 2.2
TANGAll 4.7 4.1 27.8 23.3 36.7 12.2 35.6 24.1 31.0 9.2 62.5 37.5 0.0
DIVISIONAL (Rural) 8.8 10.5 20.4 32.5 32.8 14.3 24.0 30.2 31.4 14.4 88.8 9.3 1.9
Exclusive Breastfeeding Continued Breastfeeding Continued Breastfeeding
Household
GIRL BOY GIRL -satt OISTRICT
oMonth 1-4Months 5+ Monlhs omonths 1-6 months 7·12months 13tmonths Omonths 1-6 months 7·12 months 13tmonths Iodized RURAL
39,3 52.9 7.8 0.6 0.6 0.0 98.8 1.4 0.0 0.7 97.9 9.8 BANDARBAN
95.5 1.5 3.0 0.0 0.0 2.4 97.6 0.7 2,8 9.0 87.5 19.5 BRAHMANBARIA
88,9 . 11.1 0.0 0.0 1.7 6.8 91.5 0.0 1.4 7.7 90.9 31.1 CHANDPUR
93,9 4.1 2.0 0.0 0.7 4.1 95.2 0.0 0.0 9.7 90.3 24.6 CHITIAGONG
98.1 1.9 0.0 0.6 0,6 3,1 95.7 0.6 0.0 2.4 97.0 15.3 COMllLA
78,0 5.5 16.5 0.8 . 0.4 7,2 91.6 0.0 1.2 7,5 91.3 0.4 COX'S BAZAR
80.4 12.5 7.1 1.3 3,3 3,9 91.5 0.0 1.4 5,8 92,8 32,2 FENI
100.0 0.0 0.0 0.0 0.0 3.4 96,6 1.3 1.3 3,8 93,6 16.0 HABIGANJ
83.3 5.6 11.1 0.0 0,0 10,1 89,9 0.0 0.0 16,0 84.0 33,8 KHAGRACHHARI
86.4 13.6 0.0 0.0 0.0 1.4 98.6 0.0 0.7 2.7 96.6 17.5 LAKSHMIPUR
67.3 31.0 1.7 1.7 0.6 1.7 96,0 1.1 0.5 4.9 93,5 37.1 MOUlVIBAZAR
97.3 1.4 1.4 0.0 1.2 3,0 95,8 0,0 1.1 2,2 96.7 28.1 NOAKHALI
48.7 20,5 30.8 0.7 0.0 5.0 94,3 1,3 0.6 3.1 95,0 28,6 RANGAMATI
95.2 4,8 0.0 1,3 0.7 7,8 90,2 0,0 0.0 5.0 95,0 31 ,8 SUNAMGANJ
85.9 12.7 . 1.4 1,0 0.5 4.9 93.6 0,6 0.6 6.6 92.2 56.6 SYlHET
89.8 7.5 2.7 0.5 0.7 4.1 94.8 0.4 0.8 5.8 93.1 25.5 DIVISIONAL
100,0 0,0 0.0 24.4 0.0 6.1 69.5 18.4 3.9 3.9 73,8 47,9 DHAKA
78.0 19.5 2.5 0,0 0.0 1.9 98.1 0,0 0.9 0.0 99.1 51,0 FARIDPUR
85,2 11,1 3.7 1,0 1.0 1,9 96.1 1,1 1.1 1.1 96.7 38.9 GAZIPUR
77.1 22,9 0.0 0,9 0.0 0.9 98.2 0,8 1.7 0.8 96.7 40.7 GOPAlGANJ
88.0 12,0 0.0 0,0 0.0 1.4 98.6 0,0 0.0 9.9 90,1 42.7 JAMAlPUR
100.0 0.0 0.0 0,0 0.7 4.1 95.2 0,0 0.0 1.6 98.4 12,9 KISHOREGANJ
100.0 0.0 0.0 0.6 0.6 2.5 96.3 1,8 1.8 4.1 92,3 31,2 MADARIPUR
94.4 5.6 0.0 2,0 0.0 6.1 91.9 0,0 0.0 2.7 97,3 41.0 MANIKGANJ
95.3 2,3 2.3 0,9 3.4 6.8 88,9 3,6 1.8 3.6 91.0 67,3 MUNSHIGANJ
100.0 0.0 0.0 0.0 0.0 3.8 96.2 0,0 0.0 3.1 96,9 28,2 MYMENSINGH
100.0 0.0 0.0 0,0 0.8 10.8 88.4 0.7 1.4 4.2 93.7 21.1 NARSINGDI
96.1 3.9 0.0 0,8 0.8 2.3 96.1 1,5 3.0 7.4 88,1 55,9 NARAYANGANJ
96.9 1.5 1.5 1,2 0.0 6.6 92,2 0,6 0.0 8.9 90,5 5.9 NETROKONA
88.9 11.1 0.0 0,0 0.7 2.9 96.4 0,0 0.7 0.7 98,6 26,9 RAJBARI
92,3 5.1 2.6 0,6 0.0 2.3 97.1 0,0 1.1 1.6 97,3 12,6 SHARIATPUR
84,2 2.6 13.2 0,8 0.0 7.6 91.6 0,0 0.8 7.3 91 ,9 43,0 SHERPUR
47
80,0 20.0 0,0 0,0 0.0 4.5 95,5 0,0 0.0 2.8 97,2 42.7 TANGAll
92.3 6.6 1.2 2.3 0.4 4.4 92.9 1.9 0.9 3.9 93.3 36.7 DIVISIONAL
NUTRITION (all figuresin percent)
Malnutrition VitaminAAdministration VitaminAAdministration Exclusive Breastleeding
DMSION DISTRICT MUAC<12.5 em BOY GIRL BOY
RURAL Boy Girl DDose IDose 2Dose >2 Dose DDose 1Dose 2Dose >2 Dose DMonth 1-4 Months 5+ Months
KHULNA
BAGERHAT 5.6 6.2 5.8 21,0 64.5 8.7 2.6 20.4 69,1 7.9 98.1 0.0 1.9
CHUADANGA 8.7 10.3 10.1 41,0 45,3 3,6 13,3 34,3 45.7 6.7 100.0 0,0 0,0
JESSORE 2.9 4,6 7.7 29.2 40,0 23,1 8.8 29,0 40.5 21.6 96.7 3.3 0.0
JHENAIDAH 3,3 10.4 2.5 9.2 46,2 42.0 2.5 . 11.8 27.7 58.0 100.0 0.0 0.0
KHULNA 0.9 6,2 12.2 28,6 41 .5 17.7 4.9 25.5 40,2 29.4 96.2 3.8 0.0
KUSHTIA 7,1 10.2 3.4 34.9 59.1 2.7 5.6 36.4 53.1 4,9 97.9 0.0 2.1
MAGURA 4,5 10.5 5.2 27,2 52.2 15.4 5.9 20.7 54.8 18.5 100.0 0.0 0.0
MEHERPUR 5,6 10.8 10,3 9,2 40.2 40.2 5.6 12.4 26.9 55.1 100.0 0.0 0.0
NARAIL 2,0 7.8 1.7 2,5 18.6 77.1 2.3 . 3.0 17.4 77.3 100,0 0.0 0.0
SATKHIRA 1.7 6.3 10.2 44.6 24.8 20.4 11.8 53.4 19.9 14.9 100.0 0,0 0.0
DIVISIONAL (Rural) . 3.7 7.2 7.5 28.4 45.4 18.7 6.6 28.5 41.0 22.6 98.5 1.0 0.5
BARISAL
BARGUNA 8.1 15.5 19,3 36.7 31,2 12.8 20.6 27.1 39.3 13.1 100,0 0,0 0.0
BARISAL 13.9 15,8 14.6 22,3 45.4 17.7 17,2 20.0 42.8 20.0 100,0 0,0 0,0
BHOLA 9.4 18.4 21.4 23,9 26.4 28,3 21.4 24.4 26,0 27,2 86,5 1.9 11.6
JHALKATHI 8.9 13,6 23.7 27.4 39,3 9,6 24.8 14.7 48,9 6.6 97,6 2.4 0,0
PATUAKHALI 9.8 13,0 23.3 16.7 50.7 9,3 17.5 16.7 56.3 9,5 100.0 0.0 0.0
PEROJPUR 4.4 3.6 4.7 13,2 39.6 42.5 7.8 13,6 41.7 36,9 97.8 2.2 0.0
DIVISIONAL (Rural) 9.9 13.9 17.4 22.3 39.8 20.5 17.8 20.2 41.8 20.2 96.8 0.9 2.3
RAJSHAHI
BOGRA 4.1 8.2 3,3 18.7 63.4 13.8 5,2 17.4 64.3 13.0 92.1 0.0 7.9
DINAJPUR 10,8 7.7 8.7 57.9 25.4 7,9 4.5 60.4 25.4 12.7 88.9 5.6 5.6
GAIBANDHA 7,8 14.0 20,9 25.2 51 .8 2.2 17.7 28.4 49.6 4.3 97.3 2.7 0.0
JOYPURHAT 3.9 2.3 5.8 32.0 51.5 10.7 10,3 31.9 44.0 13.8 93.9 0.0 6,0
KURIGRAM 14.3 23,9 16.6 40.7 39,5 3.2 16,9 33.8 41.9 8.3 100.0 0,0 0,0
LALMONIRHAT 4,6 5,1 2.6 23,2 52.9 21 ,3 4.0 29.3 50.7 16.0 92,2 7.8 0,0
NAOGAON 4.1 9.6 4.0 37.3 37,3 21.4 3,5 33.6 38,5 24.5 100.0 0,0 0,0
NATORE 6.0 10,0 27.6 33,3 16.2 22.9 21.7 34.9 12.0 31.3 100.0 0.0 . 0,0
NAWABGANJ 8.4 13,6 7.9 20.1 58.5 13.4 4.5 . 31.8 49.7 14.0 62,2 26.7 11.1
NILPHAMARI 9.1 8,6 7.7 52,1 21.6 18,6 5.0 61.4 16,3 17.3 100.0 0,0 0,0
PABNA 10.4 15,1 14.3 26.7 47,2 11.8 10.7 26.4 50.6 12.4 100.0 0,0 0.0
PANCHAGARH 8.0 8.6 14.6 36.0 31.7 17.7 11.4 38,3 35.4 14.9 100,0 0,0 0,0
RAJSHAHI 2.7 2,6 9.1 38.5 41,3 11.2 14.3 40.0 36.2 10.5 100.0 0,0 0,0
48 RANGPUR 10.5 15.8 17.0 32.7 47.7 2.6 16.9 28.1 50,9 4.1 97,5 2,5 0.0
SIRAJGANJ 7.9 16.5 6.9 28.4 61 .2 3.4 10.5 24.4 57.7 7.3 100.0 0,0 0.0
THAKURGAON 5.1 10.9 4.6 10,9 78.2 6.3 4.9 10.4 77,8 6.9 89.5 7.9 2,6
DIVISIONAL (Rural) 7.5 11.3 10.8 32.8 45.4 11.1 10.2 32.8 44.4 12.6 95.5 2.5 2.0
Exclusive Breastleeding Continued Breastleeding Continued Breastleeding
Household
GIRL BOY GIRL ·Sa" DISTRICT
oMonth 14Monlhs 5+ Months omonths 1-6 months 7·12 months 13+1l1onths omonths 1-6 months 7·12 months 13+months Iodized RURAL
96.9 3,1 0.0 0.7 2.1 0.7 96.5 0,0 1,5 3,8 94.7 84,5 BAGERHAT
100,0 0.0 0.0 1.6 0.8 4.8 92,8 1,1 1,1 1,1 96.7 65,3 CHUADANGA
100.0 0,0 0.0 3.6 1.8 3.6 91,0 0,0 0,8 1,5 97.7 85.3 JESSORE
100.0 0.0 0.0 0,9 2.7 2.7 93.7 0,0 0.9 0,9 98.2 75.4 JHENAIDAH
89.2 2.7 8.1 1.5 2.3 3.8 92.4 0,0 2,2 2,2 95,6 81.4 KHULNA
95.7 0.0 4.3 0.7 2.1 1.4 95,8 0,0 0.8 1.6 97,6 65.5 KUSHTIA
89.3 2,1 8,5 0.0 2.3 4.6 93,1 0,0 3,3 6,5 90.2 87.7 MAGURA
100.0 0,0 0.0 0,0 0.0 0.0 100.0 0,0 0.0 2.3 97.7 18,0 MEHERPUR
97.4 0,0 2,6 0,0 1.9 1.9 96,2 0,9 0,9 5.4 92.8 63.0 NARAIL
98.1 0.0 1.9 1.4 1.4 11.2 86.0 0.7 3.0 1.5 94.8 71.7 SATKHIRA
96.8 0.8 2.4 t4 t9 3.8 92.9 0.2 t5 2.3 96.0 75.1 DIVISIONAL
100.0 0.0 0.0 0,0 2.0 0.0 98,0 0,0 1,1 0.0 98.9 59,5 BARGUNA
100.0 0,0 0,0 1.8 0.0 1.8 96.4 1,6 0.0 2.4 96.0 35.6 BARISAL
93.8 0,0 6.2 0,0 1.9 5.2 92.9 0,0 0,0 3.7 96.3 23.6 BHOLA
100.0 0.0 0.0 0,8 0.8 4.2 94.2 0,0 0.0 5.1 94.9 43,2 JHALKATHI
100.0 0,0 0.0 0.0 0.0 2.1 97.9 0,0 0.0 1.7 98.3 44,6 PATUAKHALI
100.0 0,0 0,0 2,5 3.7 1.2 92.6 2,1 3.2 1.1 93.6 54.0 PEROJPUR
98.8 0.0 t2 to t2 2.5 95.4 0.8 0.6 2.3 96.3 40.1 DIVISIONAL
94.7 2,6 2,6 0.0 1.9 3.8 94.3 1,0 3.0 3.0 93,0 66.9 BOGRA
82.5 15,0 2.5 0,0 1.8 1.8 96.4 1.6 0.0 7.3 91.1 35,6 DINAJPUR
89.7 6.9 3.4 0,0 1.7 3.3 95.0 0,8 0.0 3,3 95,9 18.2 GAIBANDHA
97.5 2,5 0.0 2,9 1.9 11.5 83.7 2.9 1.9 7.6 87.6 57.7 JOYPURHAT
96.6 0.0 3.4 0.0 0.0 7.2 92.8 0.0 1.5 6.2 92,3 35.9 KURIGRAM
95.2 4,8 0.0 0.0 2.3 12.5 85.2 0.7 0.0 8.1 91,2 12.7 LALMONIRHAT
100.0 0.0 0.0 0.9 2.7 1.8 94.6 0.0 1.5 6.0 92,5 62.7 NAOGAON
96.8 0,0 3,2 3.3 2.2 1.1 93.4 6.7 0.0 4,0 89.3 63.7 NATORE
60.4 25.0 14.6 0,0 1.4 8.8 89.8 0.6 0.6 11,2 87,6 62.4 NAWABGANJ
98.1 1,9 0,0 0,0 0.0 8.0 92.0 1.1 1.1 6.6 91,2 22.5 NILPHAMARI
100.0 0.0 0.0 0,0 0.7 5.4 93.9 0.0 0.0 3.6 96.4 62.8 PABNA
98.2 0,0 1.8 0,0 0.0 10.5 89.5 0.6 0.6 10.7 88.1 15.9 PANCHAGARH
100.0 0.0 0.0 0,0 0.8 3.8 95.4 1.1 0.0 2.2 96.7 66.0 RAJSHAHI
94.2 2.9 2.9 1.5 3.8 4.6 90.1 0.0 0.6 6.4 93.0 32,9 RANGPUR 49
92.7 2.4 4.8 0,0 0.0 2.8 97.2 0.0 1.7 2.6 95.7 42,1 SIRAJGANJ
96.6 3.4 0,0 0.0 1.2 10.4 88.4 0.0 0.0 10,8 89.2 26,2 THAKURGAON
93.6 4.0 2.4 0.5 t5 5.0 92.9 0.9 0.9 5.5 92.7 45.2 DIVISIONAL
DIARRHOEA (aI/figures inpercent)
Prevalence Last 15Days Liquid Given (Both Sex) Solid Food Given (Both Sex) Diarrhoea Treated by (Both Sex) Treabnent Given (Both Sex)
DIVISION DISTRICT Boys Girls Health Unqualified Other DRS ORT Medicines
RURAL (under Five) (under Five) More Same Less Not Given More Same Less Not Given Worker Practitioner
CHITTAGONG
BANDARBAN 10.5 9.0 54.5 36.4 6.1 3.0 11 .8 41.2 44.1 2.9 40.0 40.0 20.0 71.4 71.4 31.4
BRAHMANBARIA 17.2 15.8 62.5 21 .9 14.1 1.6 1.6 23.4 71.9 3.1 27.1 42.4 39.0 50.0 59.4 53.1
CHANDPUR 17.4 25.8 60.0 31 .8 7.1 1.2 1.2 37.0 51.9 9.9 20.8 41 .6 51.7 63.1 88.3 35.7
CHITIAGONG 25.4 21 .1 53.5 26.7 18.6 1.2 9.3 53.5 34.9 2.3 6.2 70.4 30.8 64.0 69.8 64.0
COMllLA 25.1 27.6 63.1 12.6 21.4 2.9 13.5 9.6 74.0 2.9 8.4 61 .5 33.3 54.9 69.6 51 .0
COX'S BAZAR 23.2 21.7 55.2 29.1 5.2 10.4 3.0 57.9 36.1 3.0 19.6 53.9 31.4 45.5 54.5 47.0
FENI 32.4 26.7 63.8 17.1 19.0 0.0 9.4 26.7 62.9 1.9 14.4 29.6 33.3 53.3 63.6 38.3
HABIGANJ 30.5 23.2 54.5 8.9 29.5 7.1 7.1 27.7 56.3 8.9 24.1 29.9 48.2 40.7 55.8 · 39.8
KHAGRACHHARI 16.3 10.5 51.0 33.3 7.8 7.8 8.0 54.0 30.0 8.0 10.0 44.0 34.0 76.0 80.0 36.0
lAKSHMIPUR 24.5 26.7 58.7 15.2 26.1 0.0 25.5 16.0 57.4 1.1 16.5 52.9 35.3 64.9 68.1 39.4
MOUlVIBAZAR 11.1 8.3 46.3 19.5 31.7 2.4 12.2 22.0 65.9 0.0 36.3 41.7 22.2 46.3 48.8 61.0
NOAKHALI 27.6 17.4 55,2 22.9 19.8 2.1 9.6 54.3 34.0 2.1 12.2 33.8 63.6 57.3 64.6 35.4
RANGAMATI 12.8 11 .1 41.5 51 .2 2.4 4.9 2.4 56.1 41.5 0.0 24.3 54.1 18.9 34.9 41 .9 53.5
SUNAMGANJ 9.0 10.8 39.6 39.6 18.8 2.1 8.9 24.4 66.7 0.0 8.6 57.1 23.1 41.7 41.7 37.5
SYlHET 13.5 17.3 47.2 22.2 19.4 11.1 8.3 21.9 68.5 1.4 16.4 27.3 65.4 47.9 49.3 26.8
DIVISIONAL (Rural) 21.6 20.4 54.0 24.5 18.2 3.2 9.1 33.2 54.7 3.0 17.5 48.0 38.7 54.5 61.8 46.8
DHAKA
DHAKA 10.8 4.0 31.3 37.5 31 .3 0.0 0.0 43.8 50.0 6.3 18.8 43.8 37.5 43.8 50.0 62.5
FARIDPUR 18.6 16.3 13.3 37.8 24.4 24.4 4.4 55.6 . 28.9 11.1 14.2 28.6 82.2 31.1 60.0 2.2
GAZIPUR 17.5 27.6 32.0 42.0 24.0 2.0 20.0 24.0 56.0 0.0 12.0 14.0 30.0 28.0 40.0 4.0
GOPAlGANJ 12.5 10.6 33.3 18.2 45.5 3.0 39.4 24.2 36.4 0.0 3.6 78.6 17.8 66.7 75.8 9.1
JAMAlPU8 9.6 6.6 33.3 40.0 26.7 0.0 33.3 40.0 26.7 0.0 0.0 50.0 50.0 40.0 46.7 20.0
KISHOREGANJ 22.0 24.8 45.5 33.8 20.8 0.0 16.9 58.4 24.7 0.0 11.8 35.3 69.1 62.3 74.0 16.9
MADARIPUR 6.7 8.2 44.8 24.1 31 .0 0.0 3.1 31 .3 62.5 3.1 13.8 58.6 37.9 56.7 86.7 40.0
MANIKGANJ 10.5 5.4 68.4 10.5 21 .1 0.0 57.9 5.3 , 36.8 0.0 36.8 57.9 84.2 31.6 68.4 52.6
MUNSHIGANJ 2.1 2.6 28.6 42.9 0.0 28.6 0.0 85.7 0.0 14.3 16.7 50.0 33.3 71.4 71.4 28.6
MYMENSINGH 6.9 7.4 47.8 30.4 21.7 0.0 0.0 56.5 30.4 13.0 0.0 63.6 27.3 60.9 73.9 56.5
NARAYANGANJ 10.9 9.8 6.1 27.3 51.5 15.2 0.0 45.5 48.5 6.1 14.3 78.6 14.3 57.6 78.8 63.6
NARSINGDI 12.5 14.9 47.6 38.1 14.3 0.0 4.7 32.6 62.8 0.0 3.1 28.1 65.6 27.9 48.8 . 39.5
NETROKONA 13.3 14.2 19.3 57.9 22.8 0.0 5.3 54.4 40.4 0.0 9.5 29.0 61 .3 40.4 50.9 12.3
RAJBARI 4.3 4.9 80.0 13..3 6.7 0.0 0.0 6.7 86.7 6.7 21.4 35.7 50.0 80.0 86.7 46.7
SHARIATPUR 11.4 10.7 43.5 8.7 41 .3 6.5 0.0 10.9 87.0 2.2 0.0 62.5 45.9 28.3 28.3 28.3
50
SHERPUR 20.1 15.6 29.8 42.1 26.3 1.8 1.8 70.2 26.3 1.8 27.5 25.0 57.5 37.5 53.6 21.4
TANGAll 10.2 9.9 15.8 63.2 21.1 0.0 0.0 57.9 42.1 0.0 26.3 5.3 73.7 57.9 100.0 5.3
DIVISIONAL (Rural) 11.7 10.7 34.3 36.6 25.7 3.4 8.4 45.3 42.2 4.5 13.7 42.9 53.3 48.6 66.1 34.5
Note : Except diarrhoea prevalence, all other estimates are precise at Divisional Level.
Prevalence Last IS Days Uquid Given (Both sex) Solid Food Given (Both sex) Diarrhoea Treated by (Both sex) Treatment Given (Both sex)
DIVISION DISTRICT Boys Gi~s . Health Unqualified Other DRS ORT Medicines
RURAL (under FIVe) (underFive) More Same Less Not Given More Same Less Not Given Worker Practitioner
KHULNA
BAGERHAT 11.5 15.7 22.2 15.6 57.8 4.4 4.4 26.7 64.4 4.4 42.8 50.0 10.7 20.0 22.2 40.0
CHUADANGA 3.5 6.0 54.5 9.1 9.1 27.3 18.2 27.3 45.4 9.1 25.0 50.0 16.7 58.3 83.3 50.0
JESSORE 16.1 13.3 52.3 34.1 13.6 0.0 ' 4.4 31.1 53.3 11.1 16.7 36.1 41.7 35.6 42.2 46.7
JHENAIDAH 15.0 10.2 25.8 35.5 38.7 0.0 3.2 38.7 58.1 0.0 8.0 60.0 8.0 37.5 37.5 56.3
KHULNA 14.0 15.2 40.0 37.5 22.5 0.0 8.1 21 .6 67.6 2.7 4.2 37.5 50.0 30.8 30.8 23.1
KUSHTIA 6.8 11.1 28.6 32.1 28.6 7.1 10.3 58.6 27.6 3.4 13.3 60.0 26.6 13.8 13.8 24.1
MAGURA 2.7 7.2 80.0 13.3 6.7 0.0 33.3 6.7 46.7 13.3 40.0 10.0 70.0 60.0 66.7 6.7
MEHERPUR 8.7 5.4 7.7 53.8 38.5 0.0 0.0 15.4 84.6 0.0 0.0 76.9 23.1 76.9 76.9 23.1
NARAIL 3.2 2.1 57.1 0.0 42.9 0.0 42.9 14.3 42.9 0.0 33.3 33.3 33.3 71.4 71.4 28.6
SATKHIRA 13.0 12.9 47.7 20.5 20.5 11.3 13.6 43.2 38.6 4.5 17.6 67.6 14.7 35.6 40.0 46.7
DIVISIONAL (Rural) 11.5 12.0 38.8 31.1 25.6 4.5 9.3 32.6 52.7 5.4 18.3 50.8 26.9 33.3 41.0 35.1
BARISAL
BARGUNA 15.4 19.3 24.4 34.1 34.1 7.3 11.9 31.0 50.0 7.1 6.9 37.9 55.1 31.7 46.3 31.7
BARISAL 6.9 14.5 32.4 44.1 14.7 8.8 2.9 35.3 52.9 8.8 12.5 37.5 54.1 32.4 44.1 38.2
BHOLA 26.7 21.6 21.8 14.9 60.9 2.3 3.4 12.6 81.6 2.3 10.1 58.0 39.1 32.2 34.5 44.8
JHALKATHI 15.2 8.8 44.1 26.5 23.5 5.9 2.9 22.9 74.3 0.0 18.2 50.0 22.7 20.0 25.7 28.6
PATUAKHALI 15.4 14.2 28.9 40.0 31 .1 0.0 13.3 28.9 57.8 0.0 6.7 0.0 100.0 13.3 20.0 4.4
PEROJPUR 11 .0 8.9 34.8 56.5 8.7 0.0 4.3 43.5 30.4 21.7 36.8 26.3 36.9 43.5 60.9 34.8
DIVISIONAL (Rural) 14.5 15.0 30.2 36.8 28.6 4.3 5.9 29.4 57.9 6.9 13.3 42.0 45.9 29.5 39.5 31.7
RAJSHAHI
BOGRA 12.7 12.1 75.0 15.6 9.4 0.0 12.5 65.6 21.9 0.0 30.0 26.7 50.0 71.9 84.4 25.0
DINAJPUR 19.3 12.6 95.7 4.3 0.0 0.0 6.8 65.9 25.0 2.3 20.5 20.4 70.5 56.5 84.8 30.4
GAIBANDHA 8.4 2.0 68.8 0.0 31 .3 0.0 62.5 12.5 25.0 0.0 37.5 25.0 37.5 100.0 100.0 68.8
JOYPURHAT 13.3 14.0 84.8 12.1 0.0 . 3.0 17.6 64.7 14.7 2.9 30.3 66.7 3.0 79.4 88.2 47.1
KURIGRAM 5.3 4.1 56.3 25.0 18.8 0.0 6.3 75.0 18.8 0.0 0.0 60.0 40.0 68.8 75.0 43.8
LALMONIRHAT 1.8 1.2 100.0 0.0 0.0 0.0 100.0 0.0 0.0 0.0 80.0 20.0 0.0 100.0 100.0 100.0
NAOGAON 11.7 16.5 85.7 14.3 0.0 0.0 0.0 97.6 2.4 0.0 69.3 28.2 23.0 85.7 85.7 71.4
NATORE 15.7 13.2 27.6 6.9 55.2 10.3 27.6 3.4 55.2 13.8 10.3 24.1 79.3 48.3 65.5 65.5
NAWABGANJ 41.6 38.9 53.9 1.4 . 9.8 35.0 14.7 19.1 48.5 . 17.7 7.4 35.2 51 .9 .28.6 42.9 17.7
NILPHAMARI 5.8 3.7 100.0 0.0 0.0 0.0 0.0 60.0 40.0 0.0 5.0 85.0 10.0 95.0 100.0 95.0
PABNA 8.2 4.8 87.5 12.5 0.0 0.0 87.5 8.3 4.2 0.0 4.3 21.7 87.0 100.0 100.0 17.4
PANCHAGARH 3.3 2.7 75.0 25.0 0.0 0.0 27.3 36.4 36.4 0.0 27.3 18.2 54.5 45.5 81.8 27.3
RAJSHAHI 5.3 12.0 60.9 8.7 8.7 21.7 18.2 45.5 18.2 18.2 4.5 27.3 54.5 27.3 63.6 40.9
RANGPUR 7.3 2.2 68.8 12.5 18.8 0.0 13.3 40.0 46.7 0.0 0.0 30.8 69.2 50.0 81.3 25.0 51
SIRAJGANJ 20.6 21 .9 63.9 31.1 1.6 3.3 8.5 88.1 3.4 0.0 18.0 78.0 2.0 71.7 70.0 53.3
THAKURGAON 4.9 7.7 71.4 14.3 14.3 0.0 28.6 61.9 9.5 0.0 0.0 80.0 30.0 57.1 100.0 14.3
DIVISIONAL (Rural) 11.9 10.8 73.2 12.2 10.7 4.0 25.2 49.9 21.8 3.1 19.0 41.3 42.3 68.6 82.9 45.2
OTHER HEALTH (aI/figures inpercent)
Last Pregnancy Delivered by Place of last Delivery Tetanus Toxoid ANC ARI When to seek help Immunization DPTIPOUO Immunization
given during last difficult! don~ 0 1·2 3 Measles
DIVISION DISTRICT Trained Untrained Health Home during last pregnancy aware fast know Dose Doses Doses
RURAL Worker center delivery breathing
CHITTAGONG
BANDARBAN 11.6 88.4 1.4 98.6 87.9 11.6 27.2 96,5 3.5 4.2 84.5 11.3 95.8
BRAHMANBARIA 27.2 72,8 5.9 94.1 74.3 13,2 55.5 87.5 12.5 23.8 27.0 49.2 . 52.5
CHANDPUR 15.9 84.1 4,3 95.7 74,1 15.9 67.4 93.7 6.2 5.9 25.9 68.2 83.8
CHITTAGONG 9.2 90.8 3,3 96.7 77,1 60.8 93,2 98.6 1.4 19.4 41 .8 38.8 75.4
COMllLA 7.1 92,9 0.7 99.3 80,1 12.9 65.5 77.7 22.3 6.7 25,3 64.0 69.3
COX'S BAZAR 3.6 96.4 2,2 97,8 64,2 20.4 50,9 91.5 8.5 13.0 17,6 71,8 81 .5
FENI 4.1 95,9 0.7 99,3 87,2 17.2 36.1 72.8 27.2 3.1 7.7 89.2 85.7
HABIGANJ 14.2 95.8 3.2 96,8 70,5 3.8 49,9 84.2 15.8 13.9 29.1 59.4 63.9
KHAGRACHHARI 2.9 97.1 0,0 100,0 58,8 21.4 54,0 97.8 2.2 7.4 44.4 48,1 88.5
LAKSHMIPUR 6.3 93.7 1.3 98.7 60,0 18.1 68.3 84.0 16.0 26.9 50.7 22.4 95.7
MOUlVIBAZAR 23.2 76.7 2,6 97.4 64,3 30.3 43.0 81 .2 18.8 24.6 18.8 56.5 62.5
NOAKHALI 3.3 96.7 1.6 98.4 62.5 20.1 50.4 63.7 36.3 23.0 28.4 48.6 69,2
RANGAMATI 14.0 86.0 0,9 99.1 28,9 8.7 19.1 89.9 10.1 12,5 10.5 77.1 80,9
SUNAMGANJ 7.6 92.4 0.0 100.0 . 57.9 3.2 39.0 87.7 12,3 24.4 17.1 58.5 63,3
SYlHET 7.3 92.7 3,0 97.b 54.4 25.0 47.0 79.1 34.1 34.1 24.3 41.5 48.8
DIVISIONAL (Rural) 10.4 89.6 2.4 97.6 70.1 22.8 60.3 85.7 14.8 17.6 29.1 53.3 69.7
DHAKA
DHAKA 5.4 94.5 3.3 96.7 83.7 8.7 20.5 94.9 5.1 0.0 23.4 76.6 86.2
FARIDPUR 53.1 46.9 87.7 12.3 79.8 0.0 61.7 95.2 4,8 1,9 24.6 73.6 80.8
GAZIPUR 11.0 89.0 1.1 98.9 90.1 4.4 38.4 99.0 1,0 3.1 31.2 65.6 78.1
GOPAlGANJ 1.8 98.2 0.0 100.0 78.2 3,6 52,1 93.4 6,6 10,6 . 61.7 27.7 84,8
JAMAlPUR 0.0 100.0 0,0 100,0 59.2 7.4 57.7 84.3 15.7 39,1 26.1 34.8 43.5
KISHOREGANJ 8.2 91.8 5.7 94.3 79.6 5.7 92.5 86.6 13.4 10.0 . 22.0 68.0 74.0
MADARIPUR 7.5 92.5 1.2 98.7 68.1 9.9 33.8 100.0 0.0 14.9 18.4 66.7 63.2
MANIKGANJ 18.2 81.8 1.1 98.9 77.3 10.2 55.0 83.8 16,2 5.3 47.4 47.4 92.1
MUNSHIGANJ 17.5 82.5 3.8 96.1 92.2 7.8 7.5 58.4 41.6 6.1 26.5 67.3 87.5
MYMENSINGH 1.0 99.0 0.0 100.0 84.8 0.0 38.7 97.4 2.6 11.1 53.3 35.6 81.4
NARAYANGANJ 11 .5 88.5 2.5 97.5 78.0 39.3 55.7 86.5 13.5 3.8 15.4 80,8 86.5
NARSINGDI 7.4 87.0 1.9 93.5 76.9 6.9 52.9 81.8 18.2 23.3 9.3 67.4 60.5
NETROKONA 3.6 96.4 2.4 97.6 63.2 1,2 10.1 84,3 15.7 27.9 25.0 47.1 65.7
RAJBARI 7.9 92.1 2.4 97.6 77.9 0,8 68.6 97.7 2.3 11 .3 12.9 75.8 85.0
SHARIATPUR 2.1 97.9 2.7 97.3 63.2 2.7 40.0 91.1 8.9 17.4 35.3 47.1 69.6
SHERPUR 43.2 56.7 0.0 100.0 71.2 17.1 52.4 97.5 2.5 15,2 17.4 67.4 67.4
TANGAll 10,9 89.1 1.6 98.4 73.4 14.1 60,2 76.4 23.6 16.7 20.0 63.3 63,3
52
DIVISIONAL (Rural) 7.6 92.4 1.9 98.1 78.1 18.9 44.4 89.5 10.8 13.1 27.6 59.4 75.6
last Pregnancy Delivered by Place of last Delivery Tetanus Toxoid ANC ARI When to seek help Immunization DPTIPOLIO Immunization
given during last difficul1/ don1 0 1·2 3 Measles
DIVISION DISTRICT Trained Untrained Heal1h Home during last pregnancy aware fast know Dose Doses Doses
RURAL Worker Center delivery breathing
KHULNA
BAGERHAT 32,0 68.0 4.1 95,9 83.6 10.2 41.8 60.0 40.0 0.0 6.3 93.7 96.2
CHUADANGA 7.7 92.2 6.8 93.2 84.3 1.0 14,8 82.7 17,3 4.1 22.4 73.5 85.4
JESSORE 17.5 82.5 6.9 93.1 84.7 30.5 63.1 65.8 34.2 2.1 2.1 95.7 83.0
JHENAIDAH 17.9 82,1 6,3 93.7 93.8 9.7 70.6 92.8 7,2 4.9 3.3 91.8 90.2
KHULNA 8.1 91 ,9 1.0 99.0 76.0 12,0 44.9 85.9 14.1 2.0 16.0 82,0 87.0
KUSHTIA 19.4 80,6 4,0 95.9 85.6 8,0 42.1 98.5 1.4 3.4 6.9 89.7 86,0
MAGURA 5.8 94,1 1,9 98.1 93.2 25,2 19.8 94.3 5.7 1.8 12.7 85,1 89.1
MEHERPUR 30.9 69,1 13,2 86.7 91 .2 7.4 28.4 99.2 0.7 0,0 12.1 87.9 93,9
NARAIL 7.8 99.2 1,0 99.0 85.4 15,5 29.7 97.8 2.2 0.0 4.2 95,8 87.5
SATKHIRA 18.5 81,5 2,5 97.5 83.9 12.1 39.0 97.9 2.1 8.2 22.0 69.8 91.4
DIVISIONAL (Rural) 17.3 82.7 4.5 95.5 84.8 14.3 45.1 84.1 15.9 3.4 10.9 85.7 88.7
BARISAL
BARGUNA 12.0 88.0 2,2 97.8 70.0 16.7 12.8 64.3 35.7 15.4 13.4 71.2 88,2
BARISAL 17.4 82.6 2.3 97.7 82.6 16.7 40.4 66,3 33.7 1.7 12.3 86.0 80,3
BHOLA 5.6 94.4 0.0 100.0 59.0 13.4 20.1 79.2 20.8 8.1 8,0 83.9 72.1
JHALKATHI 12.1 87.8 2.8 97.2 74.0 24,0 41.6 95,2 4.8 4.1 14.3 81.6 77.6
PATUAKHALI 0.0 100.0 1.1 98.8 46,6 3,3 6.3 71.4 28.6 26.5 38,2 35.3 78.1
PEROJPUR 22.5 77.5 2.9 97.1 87.3 52,0 41.4 96,3 5.9 2.9 0,0 97.1 84.8
DIVISIONAL (Rural) ,11.7 88.3 1.8 98.6 70.1 19.8 27.7 76.1 23.8 10.5 16.4 73.1 79.6
RAJSHAHI
BOGRA 23.7 76.3 0.0 100,0 88,5 10,6 95,8 100,0 0.0 0.0 4,3 95.7 95.7
DINAJPUR 17.2 82,8 8,1 91 .9 83.7 30,9 86.3 100,0 0.0 4.1 4,1 91.8 89.6
GAIBANDHA 5.4 94.6 0.9 99.1 75.9 14,3 80.0 99,2 0.7 5,0 15.0 80.0 57,5
JOYPURHAT 14.6 85.4 2,0 98.0 . 87.9 41,8 73.3 94,2 5.8 0.0 37.0 63.0 93.8
KURIGRAM 11.0 89.0 1.4 98.6 74.3 15,3 88.5 100,0 0.0 7.5 46.3 46.3 76.1
LALMONIRHAT 27.2 72.8 2.4 97.6 85.9 85,0 99.2 100,0 0.0 1.9 0,0 98.1 98.1
NAOGAON 5.6 94.3 1.9 98.1 85.0 14.0 96.4 99.6 0.4 2.0 2,0 96.0 92.0
NATORE 8.7 91.3 2,9 97.1 82.3 1.4 64.8 87,8 12.2 7.3 0,0 92.7 87.8
NAWABGANJ 6.2 93.8 1.6 98.4 86.0 67.8 65.8 82.9 17.1 1.5 1.5 97.0 95,2
NILPHAMARI 6.6 93.4 1,3 98.7 83.3 48.3 63,8 78.0 22.0 0.0 0,0 100.0 100.0
PABNA 10.2 89.8 3.9 96.1 85,6 26.8 97.5 91 .2 8.8 1.4 2,8 95.7 88.4
PANCHAGARH 22.1 77.8 0.8 99.2 87.8 5.3 95.7 99.6 0.4 2.8 11 .1 86.1 85.9
RAJSHAHI 6.0 94.0 4.0 96.0 85,8 10.0 30.6 99.3 0.6 1.9 28,8 69.2 84.6
RANGPUR 3.3 96.7 0,8 99.2 76.5 11.7 80.1 100,0 0.0 2.5 15,0 82.5 70.7 53
SIRAJGANJ 0.0 99,9 0,0 100,0 80.4 30.6 84,5 96,2 3,8 2.1 25,5 72.3 76.6
THAKURGAON 2.9 97,1 ' 1,0 99,0 94.2 7.7 38,3 100,0 0.0 2.1 4,3 93,6 97.9
DIVISIONAL (Rural) 10.2 89.8 2.2 97.9 82.6 23.1 79.1 96.2 3.8 2.8 12.5 84.6 85.4
WATER &SANITATION lallfigures inpercent)
Source of Drinking Water Source of Water for Household Work Type of Latrine Hand Washing After Defecation
DMSION DISTRICT Tubewell Tap Ri~1I Other Tubewell Tap Ringwell Other Waterseal PII Hanging Other Water On~ Water and Water and Other
RURAL soap aslllsoil
CHITTAGONG
BANDARBAN 38,2 0.0 6.9 54.9 1.0 0,0 0.0 99.3 7.6 20.5 56.6 15.3 84.3 3.5 14.0 0,3
BRAHMANBARIA 96.5 0.0 0.6 3.3 49.7 0,0 0.2 78.3 9.4 16.5 71 .8 3.1 40.1 28.0 69,9 1,1
CHANDPUR 97.3 0.4 0.0 3.0 23.8 0.4 3.1 91 .9 5.3 17.5 76.3 2.7 36.4 68.2 79,9 1,3
CHITIAGONG 91,5 0.0 6.3 2.2 30,9 0,0 5.9 82.7 5.9 45.7 43.8 6.8 55.2 27.6 26,2 1,8
COMllLA 99,8 0.0 0.0 1.1 35.7 2,1 3.4 83.8 7.4 35.5 54.3 7.2 42,8 53.6 59,8 1,3
COX'S BAZAAR 97,3 2.1 1.5 0,0 52.2 1.9 4,2 61 .6 4.6 48.3 43.0 6.5 72,5 12.7 24,2 0,5
FENI 100,0 0,0 0.0 20.3 23.2 0,0 4.6 89.4 5.3 33.3 53.9 10.8 45,5 69.3 55.7 0,0
HABIGANJ 98,1 0.0 0.0 4,8 18,5 0,0 0.0 93.6 2.1 38.3 58.4 1.9 60.6 14.5 62,1 0.7
KHAGRACHHARI 55,3 3.7 25.6 17.9 30.6 3.7 36.1 35.6 2.1 43.3 49.8 7.4 68,8 10.7 21 .0 8,5
LAKSHMIPUR 98.3 0.0 0.0 2,6 15.9 0.4 0.0 91 .9 10.0 21.4 66.2 4.4 43,8 62.0 ' 63,1 1.1
MOUlVIBAZAR 72.1 4.8 21 .0 4.4 35.4 1.9 19.1 55.6 12.6 27.7 45.8 14.9 39.9 43.5 51 .8 0,3
NOAKHALI 98.5 0.4 0.0 2.0 8.9 0.0 0.0 98.3 2.2 20.4 79.8 0.7 89.9 34.0 41 ,2 0,0
RANGAMATI 28.9 9.1 8.6 55,8 5.5 8.9 7.2 82.7 2.4 45.2 48.1 4.3 76,2 10.0 9.5 6.7
SUNAMGANJ 83.8 0.0 11.9 5,6 10.6 0.0 11.3 85.1 1.8 3.4 90.8 4.7 56.7 5.0 52.9 0,0
SYlHET 86.6 0.0 0.2 19.1 31 .9 0.4 1.5 81.8 12.6 39.3 49.8 1.7 59.7 29.7 55.6 0,3
DIVISIONAL (Rural) 91.8 0.6 3.7 6.0 28.5 0.8 4.6 83.0 6.5 31.5 58.9 5.4 54.3 35.7 49.6 1.1
DHAKA
DHAKA 100.0 0,0 0.0 0,2 78.0 0.2 0.0 30.8 7.1 20.7 70.9 1.7 5.4 41.7 61.9 0.0
FARIDPUR 100.0 0,0 0.0 0,2 98.3 0.0 0.0 97.3 15.9 46.9 38.3 0.2 44,8 13.1 53.7 0,3
GAZIPUR 100.0 0,0 0.4 0,2 99.2 0.0 0.8 1,0 28,2 35.8 8.4 27.6 15,2 27.0 42,0 16.4
GOPAlGANJ 99.6 0,0 0.0 0.4 36.8 0.0 0.2 63,0 12.3 23,9 62.2 1.6 1,8 10.8 87,3 0,0
JAMAlPUR 99.8 0,0 2.5 0,2 95.5 0.0 11 .6 42.0 2,0 43.0 43,6 11.6 0.7 31.1 68,2 0,0
KISHOREGANJ 98.9 0,0 1.1 0,0 59.1 2.1 8.7 82,0 3.2 17.6 74.7 4.6 12,8 7.8 84.8 0,3
MADARIPUR 100.0 0,0 0.0 0.4 41.1 0.0 0.0 95.8 9.1 31 .3 52,6 .7.9 12,3 32.4 86.5 4.4
MANIKGANJ 97.0 0,0 3.0 0,2 65.7 0.0 5.1 33.4 14.9 25.5 59.2 0.4 8,2 32.1 77.3 0.0
MUNSHIGANJ 100.0 0,0 0,0 0,2 48.2 0.0 8.1 62.6 4.4 28.5 67.3 0.0 56,3 44.2 28,2 0,5
MYMENSINGH 100.0 0.0 0.0 0,0 81 .5 0.0 1.6 53.4 1,2 50.7 1,2 46.9 5,1 1.3 93.4 0.3
NARAYANGANJ 100.0 0.0 0,6 0.4 91.1 0.8 6.0 33.0 5,8 24.5 66,8 3.4 67.9 23.0 43.2 0.3
NARSINGDI 97.5 0.6 3,2 0.4 92,2 0.6 6.1 29.7 18.4 31,6 22.6 27.8 66.8 20.4 64.6 0.2
NETROKONA 98,8 0.0 1.6 0.0 63,6 0.4 23,8 53.3 4.8 10,3 27.7 57.6 51 .3 10.5 40.0 0.0
RAJBARI 99.4 0.0 0.6 0.4 97,2 0,0 6.5 20.6 6.7 38.3 47.8 7,5 1.0 5.7 96.0 0.0
SHARIATPUR 100,0 0.0 0.0 0.2 11,9 0,0 0,0 96.6 5.5 23.4 62,1 8.9 16.0 5,5 83.7 0.3
SHERPUR 92.6 0.0 8.0 0.0 81 .6 0,0 13.5 18.6 6.0 56,6 21.0 16.4 7.4 14.6 80.2 10.4
TANGAll 99.8 0.0 0.2 0.5 76.4 0,0 1.7 44.1 3.9 31.6 35.4 29,2 62.2 16,1 48.7 2.2
54
DIVISIONAL (Rural) 99.3 0.0 o.g 0.2 75.2 0.3 4.7 47.5 7.7 31.2 44.3 17.0 24.4 21.2 66.2 1.6
Source of Drinking Water Source of Water for Househoid Work Type of Latrine Hand Washing After Defecation
DMSION DISTRICT Tubewell Tap Ringwell Other Tubewell Tap Ringwell Other Waterseal Ptt Hanging Other Waler On~ Water and Water and Other
RURAL soap asi'lsoil
KHULNA
BAGERHAT 69.4 4.7 0,0 25.9 4,1 2.0 0.4 93.9 15.7 38.2 43.3 2.9 1.7 17.4 82.6 0.4
CHUADANGA 100.0 0.0 0.0 0.2 97.6 0.0 0.4 50.2 7.8 19.4 12.4 62.1 49.0 8.2 50,2 0.4
JESSORE 100.0 0,0 0,0 0.2 68.1 0.2 1.2 72.9 8.7 37.6 21 .1 34.2 3.8 12.0 86.1 0.5
JHENAIDAH 100.0 0,0 0.4 0.2 89.8 0.0 13.9 49,9 12,8 21.6 9.0 58.5 0.0 11.3 92.2 0.5
KHULNA 73.1 0.0 0.0 26.9 44.4 0.0 0.0 87,9 13,6 50.6 29.2 6.6 2.6 11.2 87,6 10.9
KUSHTIA 99.6 0.0 0,2 0.4 83.7 0.0 0.2 28.2 14.7 34.1 15.7 37.3 0.7 15.9 89.7 0.0
MAGURA 100.0 0,0 0,0 0.0 75,0 0.2 0.9 24,5 7.7 32.5 41 .6 18.4 6,2 13,0 44,0 38.3
MEHERPUR 99.2 0.0 0.8 0.0 94.6 0.0 2.7 5,8 9.9 29.2 33.4 27.5 1.1 7.9 92,1 0.6
NARAIL 100.0 0.0 0,0 0.0 27.5 0.0 0.0 73.1 16.7 45.0 19.7 19.0 19.0 7,8 76,0 0.0
SATKHIRA 78.0 0.0 0,0 22.0 29,9 0.0 0.0 80.0 4.6 43.7 18.7 33.1 0.4 9.8 92,9 0.0
DIVISIONAL (Rural) 84.3 0.5 0.1 10.1 56.3 0.3 1.9 60.2 10.9 37.3 23.4 28.7 4.9 11.6 79.0 2.6
BARISAL
BARGUNA 93.9 0.0 0,0 6,8 15,2 0,0 0.0 90,5 2,9 61 .2 33.8 2.0 8,5 15.3 85,2 1.6
BARISAL 99.5 0,0 0,0 0.5 15.0 1.4 0,0 89,1 6.6 54.9 37,9 1.1 9,1 26,0 80,3 1.4
BHOLA 94.3 0.0 0,0 9.0 22.3 0.0 0.0 85,3 0.5 23.2 74.4 2.2 20.2 29.1 85.4 0.4
JHALKATHI 88.2 0.0 0.0 13.3 23.0 0.0 0.0 86.2 6.4 53.9 38,2 3.1 4,9 18,5 89.8 3.4
PATUAKHALI 99.2 0.0 0.0 1.3 17.2 0.0 0,0 94.7 0.2 30.4 69.6 0.0 26.2 3.0 77.7 1.5
PEROJPUR 79.7 0.0 0.4 21 .8 20.0 0,2 0.0 90.5 9.9 66.7 20.7 3.7 15,8 33.9 58.2 4.5
DIVISIONAL (Rural) 94.0 0.0 0.1 7.1 18.3 0.4 0.0 89.4 4.4 46.7 47.7 1.8 14.8 22.0 . 79.1 1.9 ~
RAJSHAHI
BOGRA 99,8 4.0 4.2 4.0 73.9 0.0 6.2 32.7 7.0 57,3 22.0 13,8 26,2 6,3 70.6 0,0
I DINAJPUR 99,1 0.0 1.1 0.2 93.7 0.4 4.3 11.9 10.6 24.9 1.1 63,3 1.9 25.6 84.7 0,0
GAIBANDHA 95.6 0.2 4.2 0.0 90.4 0.0 16.0 31.4 12.4 37.4 0.0 50.2 0.0 9.2 95.2 0.0
JOYPURHAT 100,0 0.0 0.0 0.4 96.0 0.0 1.8 22.9 18.9 30.3 1.8 49.6 4.4 13.8 82.0 0.4
KURIGRAM 98.6 0.4 1.4 0.0 93.8 0.4 4.1 51.7 8.4 43.9 4.5 43.3 25.3 15.4 95.3 0.2
LALMONIRHAT 91 .3 0.0 8.7 0.0 83.9 0.2 18.1 0.0 9.5 56.3 18.8 15.5 7.8 0.2 97.0 0.2
NAOGAON 92.2 0.0 8.0 0.0 81.2 0,0 3.2 60.5 17.7 30,1 18.1 34.3 1.6 16.1 91.7 0.0
NATORE 100,0 0.0 0.9 0.0 34.8 0.0 2,5 77.6 4.3 58.0 18.7 22.5 0.0 4.7 96.0 0.4
NAWABGANJ 99,0 4.0 5.2 4,0 55.2 0.0 6.2 46.0 4.8 49,3 8.8 37.5 0.2 2.0 90.0 8.2
NILPHAMARI 67.4 0,2 33.0 0.0 63.4 0.0 38.9 4.2 13.0 20.8 0.0 66.1 16.7 26.3 83.7 0.0
PABNA 97.8 0.0 3.1 0.4 95.5 0.0 2.7 73.6 9,2 41.4 44.3 6.9 7.1 32.8 76.1 23.5
PANCHAGARH 84.2 0.0 12.6 3.9 58.6 0.8 27.0 22.4 19,5 38.3 0.2 42.0 1.0 7.1 91.2 1.0
RAJSHAHI 97.3 4.4 9.6 6.9 94.6 0.0 1.9 87.3 9.4 54.1 3.7 32.9 16.4 18.3 69.7 36.3
RANGPUR 98.2 0.2 1.6 0.0 67.5 0.2 22.2 10.8 24.4 18.0 0.6 56.9 8.0 15.9 87.1 0.2 55
SIRAJGANJ 97.7 0.0 2.3 0.0 86.4 0.0 3.8 17.0 12.8 54.0 23.0 10.4 0.0 8.8 94.7 0.0
THAKURGAON 96,1 0.2 3.9 0.0 94.3 4.7 8.5 2.4 8.5 26.8 1.4 63.3 54.8 5.7 76.1 1.0
DIVISIONAL (Rural) 95.5 1.0 5.6 1.3 80.2 0.3 9.4 36.6 11.9 40.3 11.8 36.4 10.3 14.1 85.6 4.8