2152021142 4 11994 4 3 0 2 2 311 1  1 2  1 3  1 4  3 5  3 6  4 7  4 8  5 9  510  5                     1 322211142 0 0 0 0 0 1 01112122 6116111112        2    28                1 5
5765141125 8 31994 4 3 0 2 2 311 1  1 2  1 3  1 4  3 5  3 6  4 7  4 8  5 9  510  5                     02012211132 0 1 1 3 1 1 11111111 4112111112        2    1199ADEFGI    1 1 2 2
326311112317 21994 4 3 0 2 2 311 1  1 2  1 3  1 4  3 5  3 6  4 7  4 8  5 9  510  5                     0 322212134 0 0 0 0 0 0 01111228 81132             2    11 1E         1 1 0 1
393368412019 21994 4 3 0 2 2 311 1  1 2  1 3  1 4  3 5  3 6  4 7  4 8  5 9  510  5                     11211211141 0 1 1 1 1 1 1111112212212111112        2    18  ABCD      1 1 0 1
1421164123 5121993 4 3 0 1 2 310 1  1 2  1 3  1 4  3 5  4 6  4 7  5 8  5 9  5                          8 811211241 1 0 1 1 4 1 8111188298198111112        2    11 1ABCD      1 1 1 8
251252411528111993 4 3 0 1 2 310 1  1 2  1 3  1 4  3 5  4 6  4 7  5 8  5 9  5                          3 322211132 0 0 0 0 0 0 31111111 41 4111111AB      2    11 1ABCDI     1 1 0 3
527522413428111993 4 3 0 1 2 310 1  1 2  1 3  1 4  3 5  4 6  4 7  5 8  5 9  5                         142511221131 0 0 0 0 1 0 41111111 2112111111ABC     2    11 1DEG       1 1 0 1
179114314919121993 4 3 0 1 2 310 1  1 2  1 3  1 4  3 5  4 6  4 7  5 8  5 9  5                          5 511111131 0 0 0 0 0 0 5111111116116111112        2    11 1ABCDG     1 3 2 5
2192374118 6 21994 4 3 0 2 2 311 1  1 2  1 3  1 4  3 5  3 6  4 7  4 8  5 9  510  5                    153222222241 0 0 1 1 0 0 41118111 31 52             2    11 1ABDEI     2 6 3 6
569564413321 11994 4 3 0 1 2 310 1  1 2  1 3  1 4  3 5  4 6  4 7  5 8  5 9  5                          6 611211121 0 0 2 4 2 2 6111111210112111112        2    18  ABDFG     1 1 1 6
588570412517 21994 4 3 0 1 2 310 1  1 2  1 3  1 4  3 5  4 6  4 7  5 8  5 9  5                          42211112141 1 0 1 1 2 4 41111122 8120111112        2    11 1ADEG      1 1 1 6
5645103145 7 31994 4 3 0 2 2 513 1  1 2  1 3  1 4  3 5  3 6  4 7  4 8  5 9  510  511  512  5           2 212221132 0 1 0 0 0 0 01112222 5118111212        2    28                1 1
361383414021111993 4 3 0 1 2 310 1  1 2  1 3  1 4  3 5  4 6  4 7  5 8  5 9  5                          72111222121 0 0 1 1 3 0 3181111116216111112        8    11 1AEI       1 1 2 7
2752554134 6121993 4 3 0 1 2 310 1  1 2  1 3  1 4  3 5  4 6  4 7  5 8  5 9  5                          3 711211211 0 0 1 0 0 2 21111111 4110111118        8    18  ABCDEFG   1 1 0 2
1 6119412420111993 4 3 0 2 2 311 1  1 2  1 3  1 4  3 5  3 6  4 7  4 8  5 9  510  5                     31511221211 0 0 0 1 2 0 71111112 82 8111112        2    11 1ADFG      1 2 2 3
219242411325 11994 4 3 0 2 2 311 1  1 2  1 3  1 4  3 5  3 6  4 7  4 8  5 9  510  5                     63022212241 0 0 1 1 0 1151112822 42 8111222        2    21 1J         999 3 6
3293454135 7121993 4 3 0 1 2 310 1  1 2  1 3  1 4  3 5  4 6  4 7  5 8  5 9  5                          63011211221 0 0 0 0 0 0 61111112 8117111112        2    11 1ABCDEHI   1 1 0 6
1 6120412324111993 4 3 0 1 2 310 1  1 2  1 3  1 4  3 5  4 6  4 7  5 8  5 9  5                          32011211121 0 0 0 0 1 0 31111112 51 1111122        2    11 2ABDEFG    1 1 2 3
510545414227111993 4 3 0 1 2 310 1  1 2  1 3  1 4  3 5  4 6  4 7  5 8  5 9  5                          11011221131 0 0 0 0 0 0 11111112 8198111112        2    18  ABCI      1 1 2 1
326351411828111993 4 3 0 1 2 310 1  1 2  1 3  1 4  3 5  4 6  4 7  5 8  5 9  5                          02511211131 0 0 0 0 0 0 11112118 52982             2    28                099
2512514115 1121993 4 3 0 1 2 310 1  1 2  1 3  1 4  3 5  4 6  4 7  5 8  5 9  5                          52522222142 0 0 1 1 1 1 51112111 01 3111212        2    22                1 5
3613794124 5 21994 4 3 0 2 2 311 1  1 2  1 3  1 4  3 5  3 6  4 7  4 8  5 9  510  5                     23212222121 2 2 2 2 2 2 21112221 4117111212        2    22                3 2
333321313917 21994 4 3 0 2 2 412 1  1 2  1 3  1 4  3 5  3 6  4 7  4 8  5 9  510  511  5                1 722211133 0 0 0 0 0 2 21118111 21 52             8    22                3 1
3333651142 3 31994 4 3 0 2 2 311 1  1 2  1 3  1 4  3 5  3 6  4 7  4 8  5 9  510  5                     51611211111 0 0 0 3 0 0 6111112216216111112        2    11 3ABCD      1 1 6 6
212234414426 11994 4 3 0 1 2 310 1  1 2  1 3  1 4  3 5  4 6  4 7  5 8  5 9  5                         141422212231 1 0 0 1 4 414111181212212111112        2    11 1ADIJ      1 1 314
527503314510121993 4 3 0 1 2 310 1  1 2  1 3  1 4  3 5  4 6  4 7  5 8  5 9  5                          2 121221123 0 0 0 0 0 0 01111111 5112111112        2    11 1EGHI      2 6 1 1
5885694145 3 31994 4 3 0 2 2 311 1  1 2  1 3  1 4  3 5  3 6  4 7  4 8  5 9  510  5                    123011211241 0 0 1 0 1 1 1111111114221111122        2    11 1ABCFG     1 1 2 7
215264411629121993 4 3 0 2 2 614 1  1 2  1 3  1 4  3 5  3 6  4 7  4 8  5 9  510  511  512  513  5      81622212111 0 0 3 3 3 0161111222 12 1111211A       2    18  ABD       1 1 3 8
291224413927121993 4 3 0 1 2 310 1  1 2  1 3  1 4  3 5  4 6  4 7  5 8  5 9  5                         141521212122 2 0 0 014 0141111121 2115111112        2    11 1ABDEG     1 1 114
564555411917 21994 4 3 0 2 2 311 1  1 2  1 3  1 4  3 5  3 6  4 7  4 8  5 9  510  5                     84011222131 1 1 2 3 6 2 81111122 1117111112        2    18  CDI       2 3 2 8
3683624143 3 31994 4 3 0 2 2 311 1  1 2  1 3  1 4  3 5  3 6  4 7  4 8  5 9  510  5                     51511221231 0 1 1 2 3 0 3111221115198111112        2    21 1ABCH      999 2 5
573525413119121993 4 3 0 1 2 310 1  1 2  1 3  1 4  3 5  4 6  4 7  5 8  5 9  5                          92221211131 0 0 3 3 3 3 91112122 7210111211AB      2    22                3 9
326301111820111993 4 3 0 1 2 310 1  1 2  1 3  1 4  3 5  4 6  4 7  5 8  5 9  5                          82522222131 0 0 0 3 4 2 4111111212212111112        2    11 1ABD       1 1 2 5
4874283115 1 11994 4 3 0 2 2 311 1  1 2  1 3  1 4  3 5  3 6  4 7  4 8  5 9  510  5                     32411211142 0 0 2 1 1 0 31111111 1128111112        2    11 1ABCDFI    1 4 2 4
3673203117 9 21994 4 3 0 2 2 311 1  1 2  1 3  1 4  3 5  3 6  4 7  4 8  5 9  510  5                     0 022222122 0 0 0 0 0 1 01112222 32 32             2    28                099
213249412527121993 4 3 0 2 2 311 1  1 2  1 3  1 4  3 5  3 6  4 7  4 8  5 9  510  5                     41622212141 0 0 1 1 0 1 41111112 12 1121282        2    11 1ADEI      1 1 2 4
2152011142 2 11994 4 3 0 2 2 412 1  1 2  1 3  1 4  3 5  3 6  4 7  4 8  5 9  510  511  5                1 222112131 0 0 0 2 1 0 2111112219211111222        2    11 1ABI       1 1 0 2
179115314923121993 4 3 0 2 2 311 1  1 2  1 3  1 4  3 5  3 6  4 7  4 8  5 9  510  5                     1 811212141 3 0 0 0 0 0 81111121 7116111112        2    11 2ABCDEFGHI 1 1 2 2
5525284121 4 11994 4 3 0 2 2 311 1  1 2  1 3  1 4  3 5  3 6  4 7  4 8  5 9  510  5                     52512212141 0 0 2 2 0 0 5111112217217111112        2    11 1ABCD      2 6 1 5
581560412022121993 4 3 0 2 2 311 1  1 2  1 3  1 4  3 5  3 6  4 7  4 8  5 9  510  5                     31411211111 0 0 0 1 2 0 3111111217217111212        2    11 1ABCD      1 4 2 3
437427411510 11994 4 3 0 2 2 311 1  1 2  1 3  1 4  3 5  3 6  4 7  4 8  5 9  510  5                     7 712221141 0 1 1 1 3 1 71112112 1116111112        2    21 1ABDG      1 1 2 7
219212312220121993 4 3 0 1 1 3 9 1  1 2  1 3  1 4  3 5  4 6  5 7  5 8  5                               0 022222131 0 0 0 0 0 0 01112222981272             2    28                1 1
532541414922 11994 4 3 0 2 2 311 1  1 2  1 3  1 4  3 5  3 6  4 7  4 8  5 9  510  5                     71211211121 0 0 0 0 0 0 5111111218218111111BGH     2    11 1ABDEFI    1 3 0 7
356350411823111993 4 3 0 1 2 310 1  1 2  1 3  1 4  3 5  4 6  4 7  5 8  5 9  5                          51621222111 0 0 2 1 1 1 31111118 92 9111812        2    18  ABE       1 1 1 3
348392411823 21994 4 3 0 1 2 310 1  1 2  1 3  1 4  3 5  4 6  4 7  5 8  5 9  5                          13612211121 2 0 1 1 1 1291111111 6115111212        2    11 1ABCDEI    2 4 1 1
326304112210 21994 4 3 0 2 1 310 1  1 2  1 3  1 4  3 5  3 6  4 7  5 8  5 9  5                          0 822211122 1 0 0 0 0 0 11111111121982             2    18  AB        140 099
215266412022 11994 4 3 0 2 2 412 1  1 2  1 3  1 4  3 5  3 6  4 7  4 8  5 9  510  511  5               104822222121 0 0 2 1 2 0481112221 02 0121212        2    21 1J         1 1 210
348389413327 21994 4 3 0 1 2 310 1  1 2  1 3  1 4  3 5  4 6  4 7  5 8  5 9  5                          01422211131 0 0 1 1 1 1 11112122 41 8111112        2    11 1EFG       1 2 1 1
441424314118121993 4 3 0 2 2 311 1  1 2  1 3  1 4  3 5  3 6  4 7  4 8  5 9  510  5                     41812211121 0 1 2 2 1 1 41111122 6110111112        2    11 1ABCEF     1 2 2 4
450413411220111993 4 4 0 1 2 311 1  1 2  1 3  1 4  1 5  3 6  4 7  4 8  5 9  510  5                     1 121212211 0 0 0 0 0 0 1111111118119111111H       2    1199E         140 099
418415411227111993 4 4 0 1 2 412 1  1 2  1 3  1 4  1 5  3 6  4 7  4 8  5 9  510  511  5               10 512211142 0 0 2 2 5 1 5188111116216111111A       2    11 1EI        1 4 1 5
326309112310 11994 8 3 0 2 3 312 1  1 2  1 3  1 4  3 5  3 6  4 7  4 8  4 9  510  511  5               999922222122 0 0 0 2 0 0 01112222 59 72             9    92                0 2
573527413129121993 8 3 0 2 2 311 1  1 2  1 3  1 4  3 5  3 6  4 7  4 8  5 9  510  5                     72511211131 1 0 2 3 1 2 7111111210215111112        2    11 1ABEG      1 1 3 7
599552411923 21994 8 3 0 2 2 311 1  1 2  1 3  1 4  3 5  3 6  4 7  4 8  5 9  510  5                     43422222241 1 3 2 2 4 1 41111121182982             9    88                4 4
2752544131 7121993 4 3 0 1 2 512 1  1 2  1 3  1 4  3 5  4 6  4 7  5 8  5 9  510  511  5                21011211131 0 0 0 0 0 0 5111211210298111211A       2    28                0 2
527504312221111993 4 3 0 1 2 411 1  1 2  1 3  1 4  3 5  4 6  4 7  5 8  5 9  510  5                     01912222142 0 0 0 0 0 0 01111111 21 5111112        2    18  ABJ       2 5 099
5645534119 6 31994 4 3 0 2 2 311 1  1 2  1 3  1 4  3 5  3 6  4 7  4 8  5 9  510  5                     71722222231 0 0 5 5 7 2 7111211115298111212        2    28                7 7
222269412030 11994 4 3 0 2 2 311 1  1 2  1 3  1 4  3 5  3 6  4 7  4 8  5 9  510  5                    212112212141 0 0 1 1 1 1211111121 5110111212        2    18  EGI       1 19921
4474044119 7 11994 4 3 0 2 2 311 1  1 2  1 3  1 4  3 5  3 6  4 7  4 8  5 9  510  5                     7 112212111 0 0 1 1 0 1 1111111113998111111B       2    11 1CDGHI     1 1 1 1
5815594144 3 11994 4 3 0 2 1 310 1  1 2  1 3  1 4  3 5  3 6  4 7  5 8  5 9  5                          72512212141 0 0 1 3 1 1 71112211 02 0111112        2    21 2ABD       999 3 7
5815024144 7 11994 4 3 0 2 2 210 1  1 2  1 3  1 4  3 5  3 6  4 7  4 8  5 9  5                          81012211241 0 0 1 2 3 1 61111111 3110111212        2    11 1ABCDHI    1 1 1 3
5815012144 9 11994 4 3 0 1 2 310 1  1 2  1 3  1 4  3 5  4 6  4 7  5 8  5 9  5                          0 012211144 0 0 0 0 0 0 01112111 3198111812        2    28                0 1
230258411625111993 4 3 0 1 2 310 1  1 2  1 3  1 4  3 5  4 6  4 7  5 8  5 9  5                          31812212111 0 0 0 0 3 018111111115215111112        2    88                3 3
2902194130 1121993 8 3 0 1 1 3 9 1  1 2  1 3  1 4  3 5  4 6  5 7  5 8  5                               73092211121 2 0 3 0 0 0 71818188 72 7181182        8    28                3 3
1 6103312328111993 8 3 0 1 2 310 1  1 2  1 3  1 4  3 5  4 6  4 7  5 8  5 9  5                          0 012212111 0 0 0 0 0 0 01111221 3110111212        2    11 9ABG       1 4 0 9
230259411620111993 8 3 0 1 2 310 1  1 2  1 3  1 4  3 5  4 6  4 7  5 8  5 9  5                          5 521212142 0 0 0 0 0 0 51111222 41 6111112        8    11 1ABDJ      1 2 2 6
2752564134 1121993 8 4 0 1 2 311 1  1 2  1 3  1 4  1 5  3 6  4 7  4 8  5 9  510  5                     91821211141 0 0 0 0 0 0 32        1 4111222        2    11 1ADE       1 1 0 5
219245412321 11994 8 3 0 1 2 411 1  1 2  1 3  1 4  3 5  4 6  4 7  5 8  5 9  510  5                     61821222121 0 0 1 1 1 0 61111211 11 5111112        2    11 1ADE       1 1 1 1
538550411929 11994 4 3 0 2 2 311 1  1 2  1 3  1 4  3 5  3 6  4 7  4 8  5 9  510  5                     21211222131 2 0 1 1 2 2 21112122 4116111112        8    21 1ABEGI     1 1 2 2
4444073126 6121993 4 3 0 1 2 411 1  1 2  1 3  1 4  3 5  4 6  4 7  5 8  5 9  510  5                     0 111211132 0 0 0 0 0 0 01111111 5110111112        2    11 1AFGI      1 1 0 1
3613804124 1 21994 4 3 0 2 2 311 1  1 2  1 3  1 4  3 5  3 6  4 7  4 8  5 9  510  5                     91912212121 0 0 0 0 0 0 91111111 2115111111H       2    11 1ADEGI     1 4 0 9
4474031119 9 11994 4 3 0 2 2 311 1  1 2  1 3  1 4  3 5  3 6  4 7  4 8  5 9  510  5                     11912212131 0 0 2 0 0 2 21111111 6116111112        2    21 1ABCDEFGH  1 1 0 3
4 1410313418121993 4 3 0 1 2 310 1  1 2  1 3  1 4  3 5  4 6  4 7  5 8  5 9  5                          0 022212142 0 0 0 0 0 1 11111111 9298111212        2    11 1ABCDEG    2 4 0 1
3673574118 3 11994 4 3 0 2 2 210 1  1 2  1 3  1 4  3 5  3 6  4 7  4 8  5 9  5                          7 422222141 0 0 0 0 0 0 01111111 4115111112        2    11 1E         1 1 4 2
215261414218121993 8 3 0 2 2 311 1  1 2  1 3  1 4  3 5  3 6  4 7  4 8  5 9  510  5                     43711211121 0 0 0 0 1 1151111122 41 8111112        2    1199ABI       1 1 0 4
359355412322121993 8 3 0 2 2 311 1  1 2  1 3  1 4  3 5  3 6  4 7  4 8  5 9  510  5                     31021211141 0 0 2 2 3 3 41112122 2112111212        2    1199ACDEG     1 1 1 2
2912234114 8 11994 8 3 0 3 1 311 1  1 2  1 3  1 4  3 5  3 6  3 7  4 8  5 9  510  5                     71622221222 1 0 1 1 1 1162        1 7111118        2    22                8 7
215263414221121993 8 3 0 2 2 311 1  1 2  1 3  1 4  3 5  3 6  4 7  4 8  5 9  510  5                     22221221111 0 0 1 0 2 2151111122 4110111112        2    11 1ABC       1 1 3 2
179112413723 11994 8 3 0 2 2 311 1  1 2  1 3  1 4  3 5  3 6  4 7  4 8  5 9  510  5                     53021222141 0 0 1 1 5 1 5111111118218111112        2    1199ABCDEFGI  1 2 2 5
569563414418121993 4 3 0 1 2 310 1  1 2  1 3  1 4  3 5  4 6  4 7  5 8  5 9  5                          21411221131 1 0 2 2 2 2121111111 3115111111A       2    11 1EGI       2 4 2 2
581562412030121993 4 3 0 1 2 310 1  1 2  1 3  1 4  3 5  4 6  4 7  5 8  5 9  5                         123011211131 1 0 3 1 2 2 21111111 4112111112        2    11 1ABCDJ     2 3 212
3263524123 4 11994 4 4 0 3 2 313 1  1 2  1 3  1 4  1 5  3 6  3 7  3 8  4 9  410  511  512  5           2 322212111 0 0 0 1 0 0 11112122981982             2    22                2 2
359356413619121993 8 4 0 2 2 312 1  1 2  1 3  1 4  1 5  3 6  3 7  4 8  4 9  510  511  5                7 721221241 0 0 1 1 1 1 71112822 6112111212        2    1199DE        1 1 1 7
339331311325121993 8 3 0 2 2 311 1  1 2  1 3  1 4  3 5  3 6  4 7  4 8  5 9  510  5                     01412211141 0 0 0 0 0 0 11111211 51162             2    18  AEGI      2 2 1 1
573505312011121993 8 3 0 1 2 310 1  1 2  1 3  1 4  3 5  4 6  4 7  5 8  5 9  5                          01311221133 0 0 0 0 0 0 1111111212117111112        1?   1199ABCI      2 3 1 1
367358411831121993 8 3 0 2 2 311 1  1 2  1 3  1 4  3 5  3 6  4 7  4 8  5 9  510  5                     31211212211 1 0 1 0 0 0 11112111 3112111212        1AB  2199EG        1 2 2 3
3393744113 7 11994 8 3 0 2 2 311 1  1 2  1 3  1 4  3 5  3 6  4 7  4 8  5 9  510  5                    101411211131 0 0 0 0 0 0 51111122 4125111112        2    11 1AEFGI     1 1 0 5
230260413428111993 8 3 0 1 2 310 1  1 2  1 3  1 4  3 5  4 6  4 7  5 8  5 9  5                          41622211241 0 0 4 2 4 2161111221 11 4111111C       2    11 2ABDEGJ    1 1 5 4
3393734145 1 11994 8 3 0 2 2 311 1  1 2  1 3  1 4  3 5  3 6  4 7  4 8  5 9  510  5                    181822222221 2 2 2 1 2 2 22        110111111A       2    22                3 6
465408214127121993 8 3 0 2 2 311 1  1 2  1 3  1 4  3 5  3 6  4 7  4 8  5 9  510  5                     0 012211143 0 0 0 0 0 1 01112112101 92             2    22                099
3263191118 7 11994 8 3 0 2 2 311 1  1 2  1 3  1 4  3 5  3 6  4 7  4 8  5 9  510  5                     0 012211123 0 0 0 1 0 5 11112811 02 5111818        2    18  EG        1 1 0 2
577515414310 11994 8 3 0 1 2 411 1  1 2  1 3  1 4  3 5  4 6  4 7  5 8  5 9  510  5                    101411212241 1 1 1 1 1 1 1111211110210121112        2    28                010
393367411319121993 8 3 0 2 2 311 1  1 2  1 3  1 4  3 5  3 6  4 7  4 8  5 9  510  5                     71211211141 0 0 2 2 2 0 71112212 2124111112        2    1199EGI       1 2 2 2
1421022124 8121993 8 3 0 0 2 3 9 1  1 2  1 3  1 4  4 5  4 6  5 7  5 8  5                               1 11112211430 0 0 0 0 1 11111211 21162             2    1199ABEG      1 1 1 1
382327313529111993 8 3 0 1 2 310 1  1 2  1 3  1 4  3 5  4 6  4 7  5 8  5 9  5                          0 022222143 0 0 0 0 0 0 01112221 2118111221A       2    22                099
510546414220111993 8 3 0 1 2 310 1  1 2  1 3  1 4  3 5  4 6  4 7  5 8  5 9  5                          6 911211121 0 0 0 0 1 1 61111111 01 5111112        2    11 7ABDEG     1 1 1 6
290209312920111993 8 4 0 1 2 311 1  1 2  1 3  1 4  1 5  3 6  4 7  4 8  5 9  510  5                     0 021211122 0 0 0 0 0 0 01112211 22 2181812        2    28               20 9
2152041142 8 11994 8 3 0 2 3 615 1  1 2  1 3  1 4  3 5  3 6  4 7  4 8  4 9  510  511  512  513  514  5 0 522222142 0 0 0 0 0 0 01112122 1198121822        2    28                0 3
382347414619111993 8 3 0 1 2 310 1  1 2  1 3  1 4  3 5  4 6  4 7  5 8  5 9  5                          7 711211131 0 0 4 2 2 2 7111111112221111112        2    1199ABCDEFGI  1 2 2 7
326353413631121993 8 3 0 2 2 311 1  1 2  1 3  1 4  3 5  3 6  4 7  4 8  5 9  510  5                     61821211141 1 0 1 1 1 3 31111121 5198111112        2    1199AD        1 1 1 6
236230112230 11994 8 3 0 1 1 3 9 1  1 2  1 3  1 4  3 5  4 6  5 7  5 8  5                               71922222211 2 0 2 2 2 2191111211 72 72             2    12  EG        1 1 2 2
284216215510 21994 8 3 0 2 2 311 1  1 2  1 3  1 4  3 5  3 6  4 7  4 8  5 9  510  5                     0 212121132 1 0 0 0 0 0 11111112 4298111212        2    18  DEG       1 1 1 4
570557411525 11994 8 3 0 2 2 311 1  1 2  1 3  1 4  3 5  3 6  4 7  4 8  5 9  510  5                     13622221141 0 0 0 1 0 1 01111112 4116111112        2    2199ABCDEFGI  1 1 0 2
527523412224111993 8 3 0 1 2 512 1  1 2  1 3  1 4  3 5  4 6  4 7  5 8  5 9  510  511  5                52021221141 0 0 0 0 0 1 51111111 62 8111111C       2    1199BCFGH     1 1 1 5
393369412026 21994 8 3 0 2 2 311 1  1 2  1 3  1 4  3 5  3 6  4 7  4 8  5 9  510  5                     31721221241 0 0 3 1 1 1 31112222 2115111112        2    2199AB        1 1 2 3
382328311723111993 8 3 0 1 2 310 1  1 2  1 3  1 4  3 5  4 6  4 7  5 8  5 9  5                          0 01222111430 0 0 0 0 0 0111211115215111111AB      2    21 1ABDG      1 1 099
1 6122412524 11994 8 3 0 2 3 0 9 1  1 2  1 3  1 4  3 5  3 6  4 7  4 8  4                              12402221222110 010 6 8 0152        110111112        2    2199EGJ       1 2 812
2912214139 3 11994 8 3 0 1 2 310 1  1 2  1 3  1 4  3 5  4 6  4 7  5 8  5 9  5                          71111222132 1 0 3 4 7 1131882222 0298111112        2    11 1EFG       1 1 2 7
594518414327121993 8 3 0 1 2 310 1  1 2  1 3  1 4  3 5  4 6  4 7  5 8  5 9  5                          83822211241 0 0 2 1 2 2 71111111 8114111111A       2    11 1ABDFG     1 1 2 8
5775164143 5 11994 8 3 0 1 2 310 1  1 2  1 3  1 4  3 5  4 6  4 7  5 8  5 9  5                         141612222241 0 0 2 3 3 2 7111211217217121112        2    2199ACDGHI    1 1 214
2512144115 5121993 8 3 0 1 2 310 1  1 2  1 3  1 4  3 5  4 6  4 7  5 8  5 9  5                          1181122111420 0 0101010 11111112 5112111111A       2    1199AEG       1 1 1 1
1 6121412519 11994 8 3 0 2 2 311 1  1 2  1 3  1 4  3 5  3 6  4 7  4 8  5 9  510  5                     11812212121 2 0 1 1 1 1 11111112 11 9111112        2    11 1ACDEFGI   1 1 6 1
2152074123 6 21994 8 3 0 2 2 311 1  1 2  1 3  1 4  3 5  3 6  4 7  4 8  5 9  510  5                     41522212141 0 0 4 3 4 4 6111121110210111112        2    11 2ABDEF     1 1 3 3
215203111310 21994 8 3 0 2 2 311 1  1 2  1 3  1 4  3 5  3 6  4 7  4 8  5 9  510  5                     0 022222144 0 0 0 0 0 0 01112222981102             2    22                1 1
361333311725 11994 8 3 0 2 2 311 1  1 2  1 3  1 4  3 5  3 6  4 7  4 8  5 9  510  5                     1 012212122 0 0 0 0 0 0 01111112 72 7111112        2    1199ABCDI     1 4 0 1
3293444117 4121993 8 3 0 1 2 310 1  1 2  1 3  1 4  3 5  4 6  4 7  5 8  5 9  5                          62412211121 2 0 2 0 0 0 41111111 3110111112        2    11 1ABCDEG    1 1 2 6
1 41064133 5 11994 4 3 0 2 1 310 1  1 2  1 3  1 4  3 5  3 6  4 7  5 8  5 9  5                         131321222211 1 0 3 4 4 4131112211 4298111212        2    11 1ADEG      1 2 313
5495314131 4 21994 4 3 0 2 2 311 1  1 2  1 3  1 4  3 5  3 6  4 7  4 8  5 9  510  5                     51712211141 0 1 2 2 2 2 51112122 4120111112        2    22                4 5
219211312218121993 8 3 0 1 2 310 1  1 2  1 3  1 4  3 5  4 6  4 7  5 8  5 9  5                          0 022222121 0 0 0 0 0 0 01111221 51102             2    28                1 1
1781094137 1 21994 8 3 0 2 2 311 1  1 2  1 3  1 4  3 5  3 6  4 7  4 8  5 9  510  5                    121211212241 0 0 1 1 8 0 81111111 5114111112        2    1199ABCDEG    1 1 812
4 1433413424121993 8 4 0 0 2 310 1  1 2  1 3  1 4  1 5  4 6  4 7  5 8  5 9  5                          3 422221141 0 0 0 0 4 0 4111111116298111111AG      2    11 1ABCDEFG   1 1 0 5
441423411327111993 8 3 0 1 2 310 1  1 2  1 3  1 4  3 5  4 6  4 7  5 8  5 9  5                         101011211131 0 0 0 2 2 2101111111 3115111112        2    18  ADEI      1 1 210
368360411822121993 8 3 0 2 2 311 1  1 2  1 3  1 4  3 5  3 6  4 7  4 8  5 9  510  5                     9 9222121319999999999 2 21112221 72 7111212        2    28                0 9
2362314122 2 21994 8 3 0 2 2 311 1  1 2  1 3  1 4  3 5  3 6  4 7  4 8  5 9  510  5                    101812111122 3 0 3 7 8 0181111111 5120111112        2    18  AEFG      1 1 399
4474324113 2121993 4 3 0 1 2 310 1  1 2  1 3  1 4  3 5  4 6  4 7  5 8  5 9  5                         102212111131 0 0 0 0 4 0101111118 4122111181H       8    11 1ABDEFGHIJ 1 1 010
326315111410 21994 4 2 0 1 1 3 8 1  1 2  1 3  3 4  4 5  5 6  5 7  5                                    0 122292123 1 0 0 0 0 0 02        1102             2    11 1ABEI      1 8 0 1
258227411418121993 4 3 0 2 2 311 1  1 2  1 3  1 4  3 5  3 6  4 7  4 8  5 9  510  5                     21011221222 2 0 2 2 2 2 21111111 72 7111111C       2    21 1ABCEGI    1 1 1 1
3393323113 4 11994 4 3 0 0 2 3 9 1  1 2  1 3  1 4  4 5  4 6  5 7  5 8  5                               0 012221131 3 0 0 3 0 2 21111821 7225111212        2    18  AEGI      1 1 1 3
5705113115 2 21994 4 3 0 2 2 311 1  1 2  1 3  1 4  3 5  3 6  4 7  4 8  5 9  510  5                     1 012221122 0 0 0 1 1 1 1111111217217111112        2    11 1ABCDI     1 1 0 1
527519414320121993 8 3 0 1 2 310 1  1 2  1 3  1 4  3 5  4 6  4 7  5 8  5 9  5                          22021211141 0 0 2 1 2 2 21111111 52 5111112        2    11 1ABCDHI    1 2 2 2
585536414325111993 8 3 0 1 2 310 1  1 2  1 3  1 4  3 5  4 6  4 7  5 8  5 9  5                          4 411212242 0 1 1 1 1 1 31111111 31 7111212        2    1199ADHI      1 1 2 3
339372414529121993 8 3 0 0 2 3 9 1  1 2  1 3  1 4  4 5  4 6  5 7  5 8  5                               61411221121 2 0 1 2 1 2 21111111 51 5111112        2    11 1ABEFG     1 1 3 1
1781111145 8 21994 8 3 0 2 1 411 1  1 2  1 3  1 4  3 5  3 6  4 7  5 8  5 9  510  5                     21721211141 0 0 0 0 2 0 21111111 5113111112        2    11 2ABCGJ     1 1 4 3
236229414324 11994 8 3 0 1 1 3 9 1  1 2  1 3  1 4  3 5  4 6  5 7  5 8  5                               12222222221 1 0 0 1 1 1 11112121 3114111222        2    2199?         999 1 1
1 91043114 4 21994 8 3 0 0 2 3 9 1  1 2  1 3  1 4  4 5  4 6  5 7  5 8  5                               0 022221132 0 0 0 0 0 0 0111111112116111112        2    22                0 4
258228114320 11994 8 3 0 2 2 311 1  1 2  1 3  1 4  3 5  3 6  4 7  4 8  5 9  510  5                     5 511212231 0 0 0 210 0 51111111 1116111112        2    1199ABCDEI    1 2 1 5
2192394144 2 21994 8 3 0 2 1 310 1  1 2  1 3  1 4  3 5  3 6  4 7  5 8  5 9  5                          21511211131 0 0 0 0 0 2 21111112 31 8111112        2    18  ABDI      1 1 3 3
2362324122 6 21994 8 3 0 2 2 311 1  1 2  1 3  1 4  3 5  3 6  4 7  4 8  5 9  510  5                    133121221222 0 0 0 013 0131112122 2117111112        2    1199?         1 1 0 6
570558411529 11994 8 3 0 2 2 311 1  1 2  1 3  1 4  3 5  3 6  4 7  4 8  5 9  510  5                     82022222141 2 0 1 2 1 3 41111112 92 9111112        2    11 1ABDEFGI   1 1 2 8
510508314225111993 8 3 0 1 2 310 1  1 2  1 3  1 4  3 5  4 6  4 7  5 8  5 9  5                          11111211131 0 0 0 0 0 0 01111111 6115111112        2    1199ABFI      1 1 099
2132474122 8 11994 8 3 0 2 2 311 1  1 2  1 3  1 4  3 5  3 6  4 7  4 8  5 9  510  5                    122022211131 1 0 1 0 0 0 6111111115215111112        2    1199ABCDEFGI  1 1 1 1
3613844139 2121993 8 3 0 1 2 310 1  1 2  1 3  1 4  3 5  4 6  4 7  5 8  5 9  5                          51711211132 0 0 0 0 0 0 41111118 1117111881BH      1AB  11 1EG        1 1 3 5
5765731125 4 31994 8 3 0 1 2 310 1  1 2  1 3  1 4  3 5  4 6  4 7  5 8  5 9  5                          31611212121 0 0 0 0 0 0 31111111 5115111212        2    11 1ADEFGI    1 1 3 3
4474013113 9121993 8 3 0 0 2 3 9 1  1 2  1 3  1 4  4 5  4 6  5 7  5 8  5                               0 012211143 0 0 0 1 0 0 21118211 6115111211BC      2    18  ABDEI     1 1 1 2
359354413628121993 8 3 0 2 2 311 1  1 2  1 3  1 4  3 5  3 6  4 7  4 8  5 9  510  5                    132422222141 2 0 3 2 0 4 51111222 31182             2    28                1 1
3613824140 7121993 8 3 0 1 2 310 1  1 2  1 3  1 4  3 5  4 6  4 7  5 8  5 9  5                          82112212234 0 0 1 0 3 1 81111211 2116111122        2    1199ACD       2 1 1 8
326306111918111993 4 3 0 1 2 310 1  1 2  1 3  1 4  3 5  4 6  4 7  5 8  5 9  5                          1 812111124 0 0 0 0 010 01112811982982             8    88                2 5
290217413023111993 4 3 0 1 1 2 8 1  1 2  1 3  1 4  3 5  4 6  5 7  5                                    82522222221 0 0 3 3 0 0252        2982             2    22                9 8
4 1435413426121993 4 3 0 1 2 310 1  1 2  1 3  1 4  3 5  4 6  4 7  5 8  5 9  5                          22022222241 5 3 3 3 5 2101111111 51982             2    18  EG        2 1 5 5
326324411512 21994 4 3 0 1 2 310 1  1 2  1 3  1 4  3 5  4 6  4 7  5 8  5 9  5                          5 721222142 0 0 0 0 0 0 71111112 1119111212        2    11 1ABDG      1 1 1 6
5325434142 5121993 4 3 0 1 2 310 1  1 2  1 3  1 4  3 5  4 6  4 7  5 8  5 9  5                          71211211131 0 0 2 2 2 2 21111122 5111111112        2    18  ABIJ      1 1 2 7
4474023113 6121993 8 3 0 1 2 310 1  1 2  1 3  1 4  3 5  4 6  4 7  5 8  5 9  5                          4 412211132 0 0 0 0 0 0 21111211 6113111211E       2    22                4 3
361381414026111993 8 3 0 1 2 310 1  1 2  1 3  1 4  3 5  4 6  4 7  5 8  5 9  5                         171721212131 0 0 0 0 0 010111111110115111112        8    1199AD        1 1 210
3863434127 4 31994 8 3 0 1 2 310 1  1 2  1 3  1 4  3 5  4 6  4 7  5 8  5 9  5                          71522222211 4 0 4 4 4 4 51111112 32 3111222        2    18  ABCDEH    2 2 4 7
1 9127414127 11994 8 3 0 0 2 3 9 1  1 2  1 3  1 4  4 5  4 6  5 7  5 8  5                               02912111141 0 0 0 0 0 0 0111211217121111112        2    21 1CDEFGIJ   1 1 099
2222684120 8 21994 8 4 0 1 2 311 1  1 2  1 3  1 4  1 5  3 6  4 7  4 8  5 9  510  5                     34512221131 0 0 3 3 3 3451111122 11 5111112        2    11 2ABD       1 1 3 3
532539413120 11994 8 3 0 2 2 412 1  1 2  1 3  1 4  3 5  3 6  4 7  4 8  5 9  510  511  5                11811211131 2 0 1 2 1 1 11111122 5115111111A       2    1199ABDI      1 1 1 1
326313115118 21994 8 3 0 2 2 311 1  1 2  1 3  1 4  3 5  3 6  4 7  4 8  5 9  510  5                     0 122222133 1 0 0 0 012 02        998111222        2    28                0 1
585506314311121993 8 3 0 1 2 310 1  1 2  1 3  1 4  3 5  4 6  4 7  5 8  5 9  5                         12 422222142 0 0 0 1 0 1 41111121 2198111112        2    1199ABCDG     2 4 112
3893774115 5 31994 8 3 0 2 2 311 1  1 2  1 3  1 4  3 5  3 6  4 7  4 8  5 9  510  5                     5 522222241 0 0 3 0 5 0 51111122 6115111112        2    1199IJ        1 1 3 5
450411411318 21994 8 3 0 2 2 311 1  1 2  1 3  1 4  3 5  3 6  4 7  4 8  5 9  510  5                    101411111131 0 0 1 1 1 114111112212115111212        2    11 1ABDI      2 6 1 1
4444174144 8 31994 8 3 0 2 2 311 1  1 2  1 3  1 4  3 5  3 6  4 7  4 8  5 9  510  5                     42022221131 2 0 2 2 2 2 21111222 8112111222        2    11 1ADEI      2 4 2 4
4874294115 7 11994 8 3 0 2 2 311 1  1 2  1 3  1 4  3 5  3 6  4 7  4 8  5 9  510  5                     31712212121 0 0 0 1 0 0171111111 0117111112        2    1199ABDEFG    1 1 1 3
585537414320111993 8 3 0 1 2 310 1  1 2  1 3  1 4  3 5  4 6  4 7  5 8  5 9  5                         141422222211 1 0 2 2 1 1 21112221 21 72             2    22                1 2
5855354131 1 11994 8 3 0 2 2 311 1  1 2  1 3  1 4  3 5  3 6  4 7  4 8  5 9  510  5                     51411211134 1 0 2 2 0 0 5111111218220111112        2    1199ABEI      2 6 2 5
3933704165 3 31994 8 3 0 2 2 311 1  1 2  1 3  1 4  3 5  3 6  4 7  4 8  5 9  510  5                     32321221141 1 0 2 0 0 0 01112122 5117111112        2    21 1ABDI      1 1 312
2222674120 3 21994 8 3 0 2 2 311 1  1 2  1 3  1 4  3 5  3 6  4 7  4 8  5 9  510  5                    104511211131 0 0 0 2 2 0 8111112110115111212        2    18  J         2 4 210
251253411521111993 8 3 0 1 2 310 1  1 2  1 3  1 4  3 5  4 6  4 7  5 8  5 9  5                          22612211122 0 0 2 2 0 0 21111111 1119111112        2    11 1ABDEI     1 1 213
2902204114 1121993 8 3 0 1 2 2 9 1  1 2  1 3  1 4  3 5  4 6  4 7  5 8  5                              163622222232 2 0 2 2 1 1162        298111112        2    21 2EFG       999 7 7
1 6124412430111993 8 3 0 1 2 310 1  1 2  1 3  1 4  3 5  4 6  4 7  5 8  5 9  5                          2 211211142 0 0 1 0 0 0 2111222298112121212        2    2199EG        1 1 1 2
4 1434411930121993 8 3 0 2 2 311 1  1 2  1 3  1 4  3 5  3 6  4 7  4 8  5 9  510  5                     7 911221241 0 0 1 1 1 1 91111111 5112111112        2    18  AEG       1 1 1 7
367359413726121993 8 3 0 2 2 311 1  1 2  1 3  1 4  3 5  3 6  4 7  4 8  5 9  510  5                     22511212122 1 0 3 3 0 0 31112111 3110181112        2    2199?         999 2 2
5855344143 7121993 8 3 0 0 1 3 8 1  1 2  1 3  1 4  4 5  5 6  5 7  5                                    31812221241 2 0 2 2 1 1 21111211 3298121112        2    18  ACD       2 4 3 3
510548411919 11994 8 3 0 2 2 311 1  1 2  1 3  1 4  3 5  3 6  4 7  4 8  5 9  510  5                     31411212131 2 0 1 1 4 1 31111111 5110111112        8    22                3 3
368329314325 21994 8 3 0 2 2 311 1  1 2  1 3  1 4  3 5  3 6  4 7  4 8  5 9  510  5                     0 122222122 0 0 0 0 0 0 01111121 4110111112        2    18  ADEGHI    1 2 099
326308113914 21994 8 3 0 2 2 412 1  1 2  1 3  1 4  3 5  3 6  4 7  4 8  5 9  510  511  5                0 122112122 0 0 0 0 0 0 01111111981 72             2    22                099
212236411819 11994 8 3 0 1 2 310 1  1 2  1 3  1 4  3 5  4 6  4 7  5 8  5 9  5                          23622212211 1 0 1 0 0 0 2111111112212111112        2    11 1ABCGI     1 1 1 2
361334314030111993 8 3 0 1 2 310 1  1 2  1 3  1 4  3 5  4 6  4 7  5 8  5 9  5                          0 012122122 0 0 0 0 0 3 0111111111115111112        2    1199ABDEH     1 1 199
3503484147 2121993 8 3 0 1 2 411 1  1 2  1 3  1 4  3 5  4 6  4 7  5 8  5 9  510  5                     51012221131 0 0 0 0 0 0 6111112215116111112        2    18  EFG       1 1 0 6
1 91294141 2 21994 8 3 0 2 2 311 1  1 2  1 3  1 4  3 5  3 6  4 7  4 8  5 9  510  5                     2 221211121 0 0 1 2 1 1 11112222 01 72             2    22                3 2
5105474142 3121993 8 3 0 1 2 310 1  1 2  1 3  1 4  3 5  4 6  4 7  5 8  5 9  5                          4 412211131 0 0 1 4 3 3 41112122 21 8111111BC      2    1199CDE       2 1 3 4
450405312625111993 8 2 0 1 2 410 1  1 2  1 3  3 4  4 5  4 6  5 7  5 8  5 9  5                          0 012211144 0 0 0 0 0 0 0111111120110111111CDE     2    1199ABEFGI    1 8 1 1
576571412127 21994 4 3 0 2 2 412 1  1 2  1 3  1 4  3 5  3 6  4 7  4 8  5 9  510  511  5               132522222121 3 0 0 0 0 0131111111 4115111112        2    11 1E         1 1 013
393366412023 21994 8 3 0 2 2 311 1  1 2  1 3  1 4  3 5  3 6  4 7  4 8  5 9  510  5                     42012221231 0 0 2 1 2 0 41111122 3110111112        1A   11 1D         1 1 4 4
532540412124 11994 8 3 0 2 2 311 1  1 2  1 3  1 4  3 5  3 6  4 7  4 8  5 9  510  5                     6 621211131 0 0 1 1 0 0 6111111217217111111A       2    11 1ABCEI     1 1 1 6
455420413410 31994 8 3 0 1 2 310 1  1 2  1 3  1 4  3 5  4 6  4 7  5 8  5 9  5                         181811112132 0 0 0 0 0 018111111110210111111AB      2    11 1ABCDEFGHI 1 4 1 1
386342413423 21994 8 3 0 2 2 311 1  1 2  1 3  1 4  3 5  3 6  4 7  4 8  5 9  510  5                     8 822222141 1 0 1 2 1 1 51111212 21 42             2    18  ABEI      1 1 0 8
326302112318 21994 8 3 0 2 2 311 1  1 2  1 3  1 4  3 5  3 6  4 7  4 8  5 9  510  5                     01022121124 0 0 0 0 0 0 0111212212999122222        2    82                1 1
5325424133 6 21994 8 3 0 2 2 412 1  1 2  1 3  1 4  3 5  3 6  4 7  4 8  5 9  510  511  5                4 921211121 0 0 0 0 0 0 41111122 5112111111A       2    18  ADEFGI    2 4 2 4
450414411327 21994 8 3 0 1 2 310 1  1 2  1 3  1 4  3 5  4 6  4 7  5 8  5 9  5                          11311221131 1 0 1 0 1 1 1111111220220111212        2    1199ADEGI     1 2 1 1
4444194113 3 31994 8 3 0 1 1 3 9 1  1 2  1 3  1 4  3 5  4 6  5 7  5 8  5                               92022221143 0 0 0 0 0 0 01111811 3115111212        2    18  ABDGI     1 2 3 9
576513412122 21994 8 3 0 2 2 311 1  1 2  1 3  1 4  3 5  3 6  4 7  4 8  5 9  510  5                     02612211131 1 0 0 0 0 0 01111112 8115111212        2    1199ACE       1 1 099
5495304121 8 21994 8 3 0 1 2 310 1  1 2  1 3  1 4  3 5  4 6  4 7  5 8  5 9  5                          5202112111310 0 0 0 0 0 5111212113120111212        2    21 1ABCDEI    1 1 0 5
569565411517 11994 8 3 0 2 2 311 1  1 2  1 3  1 4  3 5  3 6  4 7  4 8  5 9  510  5                    183222212141 1 0 1 3 1 1 41112122 4110111112        2    22               1818
5495324121 2 21994 8 3 0 2 2 311 1  1 2  1 3  1 4  3 5  3 6  4 7  4 8  5 9  510  5                     6 712212231 0 2 2 2 2 2 71111222 1115111112        2    99                2 2
389376411525 21994 8 3 0 2 2 311 1  1 2  1 3  1 4  3 5  3 6  4 7  4 8  5 9  510  5                     92122211141 0 0 0 1 0 0 9111112217230111111B       2    11 1ABDI      1 1 1 9
339375411521 21994 8 3 0 1 2 310 1  1 2  1 3  1 4  3 5  4 6  4 7  5 8  5 9  5                          62221211121 0 0 0 0 0 0 6111212211211111112        2    28                0 6
418416411321111993 8 4 0 1 2 311 1  1 2  1 3  1 4  1 5  3 6  4 7  4 8  5 9  510  5                     2 212211121 0 0 2 2 2 2 2111111110211111111E       2    18  ABDI      2 3 2 2
212235411831 11994 8 3 0 2 2 311 1  1 2  1 3  1 4  3 5  3 6  4 7  4 8  5 9  510  5                     01011221141 0 0 0 1 1 1 11111112 82 8111112        2    1199ABCDEG    1 1 1 1
333322313920 21994 8 3 0 0 2 410 1  1 2  1 3  1 4  4 5  4 6  5 7  5 8  5 9  5                          4 812222132 0 0 3 5 0 4 31212222981982             8    28                4 2
333325314225 21994 8 3 0 1 2 310 1  1 2  1 3  1 4  3 5  4 6  4 7  5 8  5 9  5                          5 311111141 0 0 0 0 0 0 0111112211111111112        2    18  ABCDI     1 199 3
354340413419 21994 8 3 0 2 2 311 1  1 2  1 3  1 4  3 5  3 6  4 7  4 8  5 9  510  5                     62022211931 0 0 1 1 1 1 61111112182182             2    21 1ACEGI     1 1 0 6
418406311229111993 8 3 0 1 2 310 1  1 2  1 3  1 4  3 5  4 6  4 7  5 8  5 9  5                          0 012211132 0 0 0 0 0 0 01111121151 5111112        2    11 1BDG       1 1 0 1
361385411723 11994 8 3 0 1 2 411 1  1 2  1 3  1 4  3 5  4 6  4 7  5 8  5 9  510  5                     51411211121 0 0 0 0 0 0 51112111 9112111111A       2    22                0 5
3723954141 7 31994 8 3 0 1 2 411 1  1 2  1 3  1 4  3 5  4 6  4 7  5 8  5 9  510  5                     32322222131 0 0 3 3 4 4 4111111212212121212        2    82                1 4
386341413428 21994 8 3 0 1 2 310 1  1 2  1 3  1 4  3 5  4 6  4 7  5 8  5 9  5                          2 222222221 0 0 2 1 2 3 21111111 5110111112        2    1199ABCDE     2 4 3 3
368363414328 21994 8 3 0 2 2 311 1  1 2  1 3  1 4  3 5  3 6  4 7  4 8  5 9  510  5                    111021211131 0 0 0 0 0 0 3111112214214121122        2    12  ABCDE     1 1 0 3
335339415521 21994 8 3 0 2 2 412 1  1 2  1 3  1 4  3 5  3 6  4 7  4 8  5 9  510  511  5                41412221121 0 0 0 0 0 0 4111111116120111211AB      2    1199ABDE      1 2 1 1
2152051113 7 21994 8 3 0 2 2 311 1  1 2  1 3  1 4  3 5  3 6  4 7  4 8  5 9  510  5                     0 222222121 0 0 0 0 0 0 01118222 6198111211BF      2    88                0 9
2152061113 3 21994 8 3 0 2 2 311 1  1 2  1 3  1 4  3 5  3 6  4 7  4 8  5 9  510  5                    18 712222141 0 0 1 0 2 1 51111222 21 5111111A       2    11 1ABDI      1 1 0 7
215265414210 11994 8 3 0 2 2 311 1  1 2  1 3  1 4  3 5  3 6  4 7  4 8  5 9  510  5                     72411211141 0 0 0 0 0 0 3111112210117111112        2    1199ABCDI     1 2 0 7
326323411511 21994 8 3 0 1 2 310 1  1 2  1 3  1 4  3 5  4 6  4 7  5 8  5 9  5                          1 122212143 0 0 0 1 0 1 21112112 5110111112        8    2199ABCDI     1 1 099
212233411821 11994 8 3 0 1 2 310 1  1 2  1 3  1 4  3 5  4 6  4 7  5 8  5 9  5                          51222211121 0 0 1 1 1 5 41111211 22 5111112        2    11 1AEI       1 1 1 5
588512314517 21994 8 3 0 2 2 311 1  1 2  1 3  1 4  3 5  3 6  4 7  4 8  5 9  510  5                     0 022111143 0 0 0 0 0 0 01112111101982             8    22                099
335338411725 21994 8 3 0 2 2 311 1  1 2  1 3  1 4  3 5  3 6  4 7  4 8  5 9  510  5                    121222211111 0 0 0 1 1 1121111111 31 5111122        2    1199ADEG      1 2 112
372393412222 21994 4 3 0 1 2 411 1  1 2  1 3  1 4  3 5  4 6  4 7  5 8  5 9  510  5                     01822212121 0 0 0 0 0 0 01112112 5110111111AC      2    11 1EJ        1 1 0 1
4414264117 3 31994 4 3 0 2 2 412 1  1 2  1 3  1 4  3 5  3 6  4 7  4 8  5 9  510  511  5               131722211231 1 0 1 1 2 1131111111 4112111111AB      2    11 1ABDEG     1 2 313
5645544119 2 31994 4 3 0 2 2 311 1  1 2  1 3  1 4  3 5  3 6  4 7  4 8  5 9  510  5                     62411212141 0 0 0 5 4 1 8111111116216111212        2    11 1AEI       1 1 1 7
588566414527 21994 4 3 0 1 2 310 1  1 2  1 3  1 4  3 5  4 6  4 7  5 8  5 9  5                          22221211231 0 0 2 2 2 1 41112122 1115111112        2    22                4 2
372336312227 21994 8 3 0 2 2 412 1  1 2  1 3  1 4  3 5  3 6  4 7  4 8  5 9  510  511  5                0 022111121 0 0 0 0 0 0 01112111 5115111211B       2    22                099
599556411926 21994 8 3 0 2 2 311 1  1 2  1 3  1 4  3 5  3 6  4 7  4 8  5 9  510  5                     33622212121 0 0 2 2 2 1151111112172172             2    22                3 2
588568413124 21994 8 3 0 2 2 311 1  1 2  1 3  1 4  3 5  3 6  4 7  4 8  5 9  510  5                     5 822222122 0 0 1 1 0 1 11111111 0113111212        2    1199ABEG      1 1 1 6
510549411911 21994 8 3 0 2 2 311 1  1 2  1 3  1 4  3 5  3 6  4 7  4 8  5 9  510  5                     31511212131 0 0 0 2 3 0 31111112 5114111112        2    11 1ABEFGJ    2 6 1 3
326307112013 21994 8 3 0 2 2 311 1  1 2  1 3  1 4  3 5  3 6  4 7  4 8  5 9  510  5                     0 422112144 0 0 0 0 0 0 11112121102982             2    88                1 3
275257411524111993 8 3 0 1 2 310 1  1 2  1 3  1 4  3 5  4 6  4 7  5 8  5 9  5                         134012211142 0 0 0 1 0 0 01111211 2112111111K       2    11 1DHI       1 2 113
3483914118 7 31994 8 3 0 2 2 412 1  1 2  1 3  1 4  3 5  3 6  4 7  4 8  5 9  510  511  5                7 921222112 1 0 1 1 1 1 71111112 21 6111112        2    11 1ABDEI     1 1 1 7
348390411821 21994 8 3 0 1 2 310 1  1 2  1 3  1 4  3 5  4 6  4 7  5 8  5 9  5                          22022212231 1 0 2 1 2 2 21111112 6115111112        2    2199ABCEI     1 1 1 2
348335312321 21994 8 3 0 2 2 412 1  1 2  1 3  1 4  3 5  3 6  4 7  4 8  5 9  510  511  5                13522221122 0 0 0 0 0 0 0111121210210121221A       2    1199E         1 4 099
333364414227 21994 4 3 0 2 2 311 1  1 2  1 3  1 4  3 5  3 6  4 7  4 8  5 9  510  5                     83521211111 3 0 0 2 5 0 31111122 3115111112        2    11 3ABEFI     1 1 5 9
333326313922 21994 4 3 0 0 2 3 9 1  1 2  1 3  1 4  4 5  4 6  5 7  5 8  5                               2 211211111 0 0 2 2 2 2 21111181 5198111112        2    18  D         1 1 2 3
1 41013133 9 11994 4 3 0 0 2 3 9 1  1 2  1 3  1 4  4 5  4 6  5 7  5 8  5                               0 022221121 0 0 0 1 1 1 1111122218198111111GH      2    11 1ADEFG     1 4 1 1
179113314928121993 8 3 0 1 2 310 1  1 2  1 3  1 4  3 5  4 6  4 7  5 8  5 9  5                          31212211141 0 0 0 2 3 0 31111111 0112111111AD      2    11 1ABCDEFGHI 1 8 2 3
393330311323121993 8 3 0 2 2 311 1  1 2  1 3  1 4  3 5  3 6  4 7  4 8  5 9  510  5                     0 022221141 1 0 1 0 0 0 0111222110119118211B       2    28                099
4444184125 3121993 8 3 0 1 2 310 1  1 2  1 3  1 4  3 5  4 6  4 7  5 8  5 9  5                          9 922222132 2 0 020 0 0 91111111 6112111112        2    18  AEI       1 1 2 9
1 4105414528 11994 8 3 0 1 2 310 1  1 2  1 3  1 4  3 5  4 6  4 7  5 8  5 9  5                         14 411211241 0 0 0 0 4 0 4111111114117111112        2    11 1ABDEFGJ   1 4 1 4
510509311928 11994 8 3 0 2 2 513 1  1 2  1 3  1 4  3 5  3 6  4 7  4 8  5 9  510  511  512  5           53012111122 0 0 0 0 0 0 0111211815298111811AB      8    21 2ABGH      1 1 0 5
230215215531 11994 8 3 0 2 2 311 1  1 2  1 3  1 4  3 5  3 6  4 7  4 8  5 9  510  5                     0 012222124 0 0 0 0 0 0 01112111 2198111211A       2    18  ADE       1 2 099
1 61254125 5 21994 8 3 0 2 2 412 1  1 2  1 3  1 4  3 5  3 6  4 7  4 8  5 9  510  511  5               171011221121 0 0 0 0 2 010111111115215121211BC      2    12  DEG       1 1 310
5275214122 8121993 8 3 0 1 2 310 1  1 2  1 3  1 4  3 5  4 6  4 7  5 8  5 9  5                         121212111131 1 1 1 1 1 1121111211 61982             2    18  ABCDG     2 4 112
581561414426121993 8 3 0 2 1 310 1  1 2  1 3  1 4  3 5  3 6  4 7  5 8  5 9  5                         103022212131 0 0 1 1 1 1 6111112217217111112        2    11 2ABDI      1 1 1 6
368361411818121993 4 3 0 2 2 311 1  1 2  1 3  1 4  3 5  3 6  4 7  4 8  5 9  510  5                     31012222221 2 0 1 0 0 0 31111212 1110121222        2    18  ABC       1 1 0 4
1 9128414122 11994 4 3 0 2 2 311 1  1 2  1 3  1 4  3 5  3 6  4 7  4 8  5 9  510  5                     93922211131 0 0 0 0 0 0 91111112 5117121211A       2    18  ABDEGI    1 1 3 9
450412414423 21994 8 3 0 2 2 311 1  1 2  1 3  1 4  3 5  3 6  4 7  4 8  5 9  510  5                    102011221121 0 0 0 5 5 020111111211211111212        2    11 1ABCDI     1 1 510
3563494118 2121993 8 3 0 1 2 310 1  1 2  1 3  1 4  3 5  4 6  4 7  5 8  5 9  5                          31011211131 0 0 2 1 0 1 31112112 3112111211AB      2    28                1 3
222270412028 11994 8 4 0 1 1 310 1  1 2  1 3  1 4  1 5  3 6  4 7  5 8  5 9  5                          05212212142 0 0 0 0 0 0521111111 3117111112        2    11 1ABEGHI    1 2 1 1
5855384121 1121993 8 3 0 1 2 310 1  1 2  1 3  1 4  3 5  4 6  4 7  5 8  5 9  5                          63022212231 0 0 3 3 3 0 41111111 3117111112        2    11 1AFG       1 1 2 6
549533412128 11994 8 3 0 2 1 310 1  1 2  1 3  1 4  3 5  3 6  4 7  5 8  5 9  5                          04012211231 1 0 0 0 0 0201112112 2118111112        2    22                099
219243413623 11994 8 3 0 2 2 311 1  1 2  1 3  1 4  3 5  3 6  4 7  4 8  5 9  510  5                     11822221141 2 0 0 0 1 0 21111222 31 8111112        2    1199AI        2 4 0 2
219238411810 21994 8 3 0 0 2 3 9 1  1 2  1 3  1 4  4 5  4 6  5 7  5 8  5                              103022212231 2 0 2 0 0 2 41111122 61152             2    1199ABCDJ     1 1 2 1
1 4107414519 11994 8 3 0 2 2 311 1  1 2  1 3  1 4  3 5  3 6  4 7  4 8  5 9  510  5                     61621221121 1 0 0 1 0 016111111112115111112        2    1199ABDEFG    1 2 3 6
219244411318 11994 8 3 0 2 2 311 1  1 2  1 3  1 4  3 5  3 6  4 7  4 8  5 9  510  5                     61812222141 0 0 2 2 2 2 6111111110210111112        2    1199ACEGI     1 1 0 6
3723944141 3 31994 8 3 0 2 2 311 1  1 2  1 3  1 4  3 5  3 6  4 7  4 8  5 9  510  5                     21212211241 0 0 0 0 2 0 21112112 1120111112        2    28                3 2
219246412318 11994 8 3 0 2 2 412 1  1 2  1 3  1 4  3 5  3 6  4 7  4 8  5 9  510  511  5               102511211121 0 0 1 0 1 1101111112 5110111111A       2    11 1ABCDEF    1 1 1 6
335337411716 21994 8 3 0 1 2 310 1  1 2  1 3  1 4  3 5  4 6  4 7  5 8  5 9  5                          63521221111 0 0 2 0 2 2 61111112 5115111112        2    11 4ABCDGI    1 2 3 6
3263141141 9 21994 8 2 0 1 1 2 7 1  1 2  1 3  3 4  4 5  5 6  5                                         2 422212142 0 0 0 0 0 9 01122222 31122             2    22                0 1
5275244134 3121993 8 3 0 1 2 310 1  1 2  1 3  1 4  3 5  4 6  4 7  5 8  5 9  5                          04021111141 0 0 0 0 0 0 0111111119219111111AD      2    11 1BDEG      1 1 099
4474314119 3 11994 8 3 0 2 2 311 1  1 2  1 3  1 4  3 5  3 6  4 7  4 8  5 9  510  5                     34622212141 0 0 1 0 3 1 3111111116211111112        2    1199ACDE      1 1 2 4
2582103129 8121993 8 3 0 0 2 3 9 1  1 2  1 3  1 4  4 5  4 6  5 7  5 8  5                               01322222122 0 0 0 0 0 0 01111122 71982             2    11 1ABHI      1 1 799
441425314123121993 8 3 0 2 2 311 1  1 2  1 3  1 4  3 5  3 6  4 7  4 8  5 9  510  5                     52122222241 0 1 1 2 1 1 5111222214116181212        2    22                1 2
573526412123121993 4 3 0 2 2 311 1  1 2  1 3  1 4  3 5  3 6  4 7  4 8  5 9  510  5                     6 611211131 0 0 0 0 0 0 61112112 3116111112        2    22                0 6
382346414625111993 4 3 0 1 2 310 1  1 2  1 3  1 4  3 5  4 6  4 7  5 8  5 9  5                         101111221121 1 0 2 0 2 0 5111111110115111112        2    11 2ABCDEI    1 1 210
594517414331121993 4 3 0 2 2 311 1  1 2  1 3  1 4  3 5  3 6  4 7  4 8  5 9  510  5                     4 411221141 0 0 1 3 0 4 31111111 82 8111182        2    18  ACDGI     1 1 0 5
3483884118 3 31994 4 3 0 2 2 412 1  1 2  1 3  1 4  3 5  3 6  4 7  4 8  5 9  510  511  5                31012211121 0 0 1 0 1 0 8111112216125111111A       2    11 1ADEGI     1 1 1 4
1781104137 4 21994 4 3 0 2 2 513 1  1 2  1 3  1 4  3 5  3 6  4 7  4 8  5 9  510  511  512  5           44011211241 0 0 1 1 4 0 7111111117217111111AD      2    11 1ABCDEF    1 1 1 4
1 91264141 1 21994 4 3 0 2 2 311 1  1 2  1 3  1 4  3 5  3 6  4 7  4 8  5 9  510  5                     2 221211121 0 0 1 2 1 1 11112222 01 72             2    22                3 2
219241411329 11994 4 3 0 2 2 311 1  1 2  1 3  1 4  3 5  3 6  4 7  4 8  5 9  510  5                     02011211132 0 0 0 0 0 0 01112221 5220111212        1AB  28                0 1
487430415525 21994 4 3 0 2 2 311 1  1 2  1 3  1 4  3 5  3 6  4 7  4 8  5 9  510  5                     8 911222122 0 0 2 2 0 2 21111111 5116111112        2    11 1ADEFG     1 1 2 8
5385514149 2 21994 4 3 0 2 2 311 1  1 2  1 3  1 4  3 5  3 6  4 7  4 8  5 9  510  5                     7 722222121 1 0 1 3 2 1 7111211112212111212        2    28                3 6
5525294131 8 11994 1 3 0 2 1 310 1  1 2  1 3  1 4  3 5  3 6  4 7  5 8  5 9  5                         141012211131 3 0 0 0 0 0101111112 6128111112        2    1199ABCDEI    1 1 010
441409311329111993 8 3 0 1 2 2 9 1  1 2  1 3  1 4  3 5  4 6  4 7  5 8  5                               0 012221133 0 0 0 0 0 0 0111221112120111811CF      2    88                099
3263181118 9 11994 4 3 0 2 2 210 1  1 2  1 3  1 4  3 5  3 6  4 7  4 8  5 9  5                          1 222212143 0 0 0 0 0 4 01112222981102             2    22                0 2
326317111516 21994 4 3 0 2 2 210 1  1 2  1 3  1 4  3 5  3 6  4 7  4 8  5 9  5                          0 022211144 0 0 1 0 0 0 11112111 21 42             2    21 1DEG       1 1 0 1
2152084123 4 21994 8 3 0 2 2 210 1  1 2  1 3  1 4  3 5  3 6  4 7  4 8  5 9  5                          31821211121 0 0 2 0 0 0 3111111110117111112        2    11 1ABDEFG    1 1 1 3
2132504122 4 11994 4 3 0 2 2 210 1  1 2  1 3  1 4  3 5  3 6  4 7  4 8  5 9  5                          71222221131 0 0 0 0 0 0 8111111218222111112        8    28                0 8
290218413027111993 8 3 0 0 2 2 8 1  1 2  1 3  1 4  4 5  4 6  5 7  5                                   131321212131 0 0 3 3 0 0131112222 3110111112        2    22                5 3
1 6123412525 11994 1 3 0 1 2 310 1  1 2  1 3  1 4  3 5  4 6  4 7  5 8  5 9  5                          22211211122 0 0 2 0 2 0 21111111 7119111111EG      2    1199ABDEGI    1 1 4 2
576572412524 21994 1 3 0 1 2 310 1  1 2  1 3  1 4  3 5  4 6  4 7  5 8  5 9  5                          01811212142 0 0 0 0 0 0 0111111215215111112        2    1199ACDEFGI   1 1 299
527520414323121993 1 3 0 1 2 310 1  1 2  1 3  1 4  3 5  4 6  4 7  5 8  5 9  5                          61011211122 0 0 1 3 1 1 6111111112118111112        2    1199ABDEGI    1 1 3 6
585507314329111993 1 3 0 1 2 310 1  1 2  1 3  1 4  3 5  4 6  4 7  5 8  5 9  5                          0 012212133 0 0 0 0 0 3 0111111112118111112        2    18  AFG       1 2 0 1
5105444119 5 21994 1 3 0 2 2 311 1  1 2  1 3  1 4  3 5  3 6  4 7  4 8  5 9  510  5                     31211211141 0 0 0 0 0 0 0111112216298111112        2    11 1ABEFG     2 4 0 3
588567414521 21994 1 3 0 1 2 310 1  1 2  1 3  1 4  3 5  4 6  4 7  5 8  5 9  5                          3 222211122 0 0 1 1 0 1 2111112212120111111A       2    11 1ABDEFG    1 1 1 3
4414224117 7 31994 1 3 0 1 2 310 1  1 2  1 3  1 4  3 5  4 6  4 7  5 8  5 9  5                          81612111131 0 0 0 0 0 0 81111111 4116111111B       2    11 2ACDEFGI   1 1 4 8
3893784115 1 31994 1 3 0 2 2 311 1  1 2  1 3  1 4  3 5  3 6  4 7  4 8  5 9  510  5                     31112212221 0 0 3 1 3 1 31112122 52 52             2    28                3 3
361387412428 11994 1 3 0 2 2 412 1  1 2  1 3  1 4  3 5  3 6  4 7  4 8  5 9  510  511  5                43422222131 0 0 0 2 1 0 41111111 3115111112        2    11 1EG        1 1 2 4
361386412417 11994 1 3 0 2 2 311 1  1 2  1 3  1 4  3 5  3 6  4 7  4 8  5 9  510  5                     22611211141 0 0 2 2 2 0 21111112 3110111112        2    1199ADHI      1 2 2 2
326303111818111993 1 3 0 1 2 310 1  1 2  1 3  1 4  3 5  4 6  4 7  5 8  5 9  5                          0 812212133 0 0 0 0 0 1 01112818 31 8118211A       2    28               9999
258226412217 11994 1 3 0 1 2 310 1  1 2  1 3  1 4  3 5  4 6  4 7  5 8  5 9  5                          31921221131 1 0 1 1 1 3 31111112162162             2    1199ABDEF     1 1 1 3
219240415525 11994 1 3 0 2 2 412 1  1 2  1 3  1 4  3 5  3 6  4 7  4 8  5 9  510  511  5                6 622212132 1 0 0 1 1 1 61111111 6298111112        2    1199ABCDEFG   1 1 0 6
213248412223121993 1 3 0 2 2 311 1  1 2  1 3  1 4  3 5  3 6  4 7  4 8  5 9  510  5                     82822212211 0 0 0 0 0 0201111111 2116111112        2    1199DEFGI     1 1 1 9
215262414225121993 1 3 0 2 2 412 1  1 2  1 3  1 4  3 5  3 6  4 7  4 8  5 9  510  511  5                12711221141 0 0 0 0 0 0 4111112216120111111A       2    11 1ABIJ      1 1 4 5
258225111423121993 1 3 0 1 2 310 1  1 2  1 3  1 4  3 5  4 6  4 7  5 8  5 9  5                          43211222133 0 0 2 2 1 2 61111111 41 5111112        2    2199ABCFG     1 2 1 4
3263051123 8 11994 1 3 0 1 2 310 1  1 2  1 3  1 4  3 5  4 6  4 7  5 8  5 9  5                         999922211144 0 0 0 0 0 0 21112111 4112111812        1A   12  AEFG      999 099
1781084139 9 21994 1 3 0 2 2 311 1  1 2  1 3  1 4  3 5  3 6  4 7  4 8  5 9  510  5                    102621211121 0 1 1 1 1 1101111811 1198121112        2    18  AD        1 1 210
2132133122 1 11994 1 3 0 2 2 311 1  1 2  1 3  1 4  3 5  3 6  4 7  4 8  5 9  510  5                     2 122221132 0 0 0 0 0 0 01112121 5117111112        2    1199EFG       1 5 1 1
142118414931121993 1 3 0 0 2 3 9 1  1 2  1 3  1 4  4 5  4 6  5 7  5 8  5                               53521211121 0 0 1 0 4 4 9111112116216111111A       2    11 1ABEG      1 4 5 4
1421174125 1 21994 1 3 0 2 1 2 9 1  1 2  1 3  1 4  3 5  3 6  4 7  5 8  5                              11 922212121 2 0 0 2 9 0 9111111115215111112        2    1199ADEG      1 2 3 9
291222411431121993 1 3 0 2 2 311 1  1 2  1 3  1 4  3 5  3 6  4 7  4 8  5 9  510  5                     8 522221122 0 0 0 0 0 0 51112122 0299111122        2    22                5 6
3933714120 7 31994 1 3 0 2 2 311 1  1 2  1 3  1 4  3 5  3 6  4 7  4 8  5 9  510  5                     33312221141 0 0 3 0 0 3 31112122 4212121222        2    21 1ABE       1 1 3 3
465421311528121993 1 3 0 2 2 311 1  1 2  1 3  1 4  3 5  3 6  4 7  4 8  5 9  510  5                     7 712211142 0 0 0 0 0 0 7111111110116111111A       2    11 1ABCDEFGI  1 4 0 7
326312114118 21994 1 3 0 1 2 2 9 1  1 2  1 3  1 4  3 5  4 6  4 7  5 8  5                               0 222222144 0 0 0 0 0 0 01882218982 3182222        2    2199AE        1 4 099
326316112220 21994 1 3 0 2 1 310 1  1 2  1 3  1 4  3 5  3 6  4 7  5 8  5 9  5                          0 022222133 0 0 0 0 0 0 01112122 72 72             2    22                199
